421
597
28
1139
1562
765
1005
59
562
1641
238
160
130
476
1333
739
92
1083
1232
4
1040
1382
1643
303
1089
1408
373
693
1316
77
1042
530
33
422
39
1614
980
666
1244
1468
1022
336
844
909
1006
736
1104
1634
479
362
74
695
1
17
206
953
374
574
823
715
1673
1060
1330
803
958
988
1000
69
1657
1255
747
908
1601
497
449
614
1639
1606
312
1401
1469
1037
547
47
989
692
51
789
1584
676
677
1291
610
1448
707
1052
819
1134
68
1501
492
857
330
216
446
756
425
89
1650
1016
578
824
159
772
1610
499
1391
1399
129
361
502
1289
61
745
177
1254
11
896
1486
1407
1024
1174
1409
1133
1623
829
615
922
1371
142
118
1201
1341
516
997
1010
1674
266
920
785
309
662
288
410
892
1517
417
768
791
631
191
1044
569
486
375
566
439
544
115
1440
1105
1207
664
1188
1552
743
1659
1152
748
934
301
663
104
1190
1102
406
162
371
138
506
1203
83
455
1034
1342
647
1332
859
450
1191
427
1302
881
203
55
1359
1305
1149
890
85
1604
400
862
960
1516
531
809
1003
1663
975
111
1160
200
1424
1675
1410
936
1121
970
485
1523
195
1187
1429
1388
851
1057
172
937
1169
1445
935
1063
690
338
402
656
407
839
560
1505
304
287
1252
1172
1046
956
1256
1216
67
263
1608
363
1689
107
457
705
438
1642
1376
612
674
632
1402
1430
1292
184
397
1272
1693
1394
1066
102
1262
418
976
295
828
1173
1290
1096
1118
742
395
1183
967
852
874
889
365
13
433
779
639
1554
360
488
394
923
254
1609
1508
390
581
243
1249
135
1257
1130
1202
1476
1396
873
613
832
877
888
1534
818
1575
483
1676
650
1119
1326
122
1182
318
1237
1485
126
1518
1268
1264
1658
221
452
1224
91
1014
1664
1426
171
1549
306
813
1163
1056
1422
1151
223
1058
1271
1499
1199
233
1196
1012
802
971
317
696
995
1555
1637
1464
79
1414
320
616
1049
50
1021
1013
146
331
1171
210
339
1498
753
838
1155
204
952
1231
35
1211
810
1294
1200
591
113
1142
1261
299
1669
1404
548
444
680
830
1628
1032
590
1527
912
264
624
199
1303
1026
535
611
408
1175
187
315
1007
757
1220
1192
280
729
277
1100
1390
167
98
232
691
1210
1686
1265
990
735
1451
1667
7
1682
949
1228
1328
1509
23
1195
822
1197
86
1110
1226
29
1078
1088
245
1515
16
383
1033
387
636
1198
1353
722
1159
796
405
1299
484
716
837
136
536
1300
1542
1661
872
633
345
938
891
2
1619
641
94
1025
237
964
717
800
1213
758
218
377
140
972
583
620
979
1565
587
78
825
1373
1415
999
95
924
711
939
1454
969
1367
1560
867
932
1491
462
404
1127
897
993
1280
517
571
1370
1460
787
182
401
234
1312
1208
1179
1354
185
646
76
169
123
1349
1295
1314
491
1304
913
700
1176
570
268
127
1613
1582
978
1561
456
164
1286
1029
1395
252
53
307
1470
1229
477
1538
1076
714
354
1080
1001
1039
1392
821
384
391
176
324
592
1425
510
1298
947
1219
6
1631
719
1238
987
19
1136
941
228
1164
80
505
1055
364
1442
572
359
332
801
1644
1530
1602
1548
428
871
1612
853
96
1310
863
229
868
1350
514
1338
948
754
955
1129
1592
1125
1393
698
961
1397
634
593
1184
1463
1297
884
235
380
188
962
1212
493
215
540
265
350
1038
1061
178
447
1017
1526
781
817
642
1313
1629
1678
1625
149
258
1053
808
916
386
165
1126
1452
1494
66
520
284
18
1653
1112
886
1124
1095
14
682
1217
1496
1433
898
1103
1504
1253
1087
1344
27
589
436
904
1282
1270
901
472
24
1556
494
454
464
424
1646
1668
1461
621
1492
855
82
1457
1340
474
1387
1361
40
545
546
97
141
557
186
658
660
1383
792
1622
1047
298
1345
1245
156
778
54
793
131
429
673
1690
1364
114
586
34
161
534
1218
552
137
951
1458
190
550
411
1489
1123
458
992
43
1214
148
189
625
392
766
1321
1624
1011
1141
213
262
1131
49
12
559
1512
865
635
928
503
1035
279
256
1045
1027
1009
431
925
929
730
1194
1546
1002
319
403
1532
1062
811
1068
1398
1471
619
1381
513
1075
432
453
388
849
101
1276
173
194
848
568
1563
1189
1648
561
125
760
1346
799
1177
1626
1540
836
1051
1435
294
1109
205
192
1437
1482
1225
224
1580
776
478
1091
198
1427
253
372
399
984
196
594
20
1269
451
1384
728
847
180
1059
751
1500
744
413
1015
81
1355
1521
105
1698
501
551
1519
718
181
244
655
1483
738
1652
139
36
1417
850
734
121
584
335
894
713
482
448
300
1465
539
1148
1031
701
340
1649
26
807
1520
601
599
278
638
720
322
797
60
841
1577
876
607
1475
697
466
103
1115
1428
1368
1352
834
487
1590
769
1681
1243
577
906
341
1111
347
704
741
1432
518
1455
669
231
1363
369
1450
856
168
1048
147
1241
1447
110
1158
1568
1605
1064
750
1147
1074
25
833
1553
1436
770
528
887
242
267
1598
515
1161
471
1128
283
1511
248
558
1315
763
323
1680
991
688
1484
270
1640
1077
1343
1145
1331
1566
41
470
321
618
