transition-123  [
  11.4054 -1.420921 -1.129104 -0.5886766 -0.9071458 -0.0842444 -0.207761 -0.332723 -0.1749896 -0.192182 0.1510798 0.1107738 0.1880013 
  15.81504 -0.523331 -0.5969554 -0.9892641 -1.309223 -0.9761977 -1.675349 -1.340851 -0.6763108 -0.08266431 0.6242547 0.01043242 0.1706194 
  16.17258 -0.2084499 -0.5355536 -1.133662 -1.265519 -1.129802 -1.473908 -1.525921 -1.224465 -0.4714522 0.5658503 0.5212129 0.1793104 
  20.77213 -0.2084499 -0.3123499 -0.2687593 -0.7323297 -0.7009904 -0.9539418 -1.202049 -0.5118147 -0.7619834 0.09713554 0.1509103 0.1271648 
  21.89397 -0.2454948 -0.2834314 -0.9473422 -0.9246274 -0.6241884 -1.440335 -1.063247 -0.9504708 -1.028304 0.7021272 -0.01967001 0.08805558 ]
transition-123  [
  24.05172 0.08790874 -1.363706 -1.787407 -0.592314 -0.9377967 -1.742496 -1.664723 -1.122095 -0.4956632 0.2246402 0.6729048 0.2890003 ]
transition-001  [
  9.736888 -1.562899 -1.619433 -0.9613162 -0.3284608 -0.9569973 -1.541055 -0.3814241 0.1497446 -0.2524168 -0.1186416 0.4832899 -0.04230836 
  9.140991 -1.562899 -1.692498 -1.077766 -0.1701488 -1.604372 -1.324188 -0.5092646 -0.08099186 -0.6167178 0.1461758 0.8625197 0.4736165 ]
