920
920
920
920
920
920
920
920
920
920
920
1453
1453
1453
1453
1453
1453
1453
1453
1453
1453
1453
1453
1453
1453
1453
1453
1453
1453
1453
1453
1453
1453
1453
1008
1008
1008
1008
1008
1008
1008
1008
1008
1008
464
464
464
464
464
464
464
464
464
464
464
464
464
464
464
464
464
464
464
464
464
464
464
685
685
685
685
155
155
155
155
155
155
155
155
155
155
155
155
155
155
155
155
155
155
155
155
155
155
155
155
155
155
155
155
155
155
155
155
155
155
155
155
155
155
186
186
186
186
186
186
186
186
186
186
186
186
186
186
186
186
186
186
186
186
186
186
186
186
186
186
186
186
186
186
186
186
186
186
186
186
186
186
186
186
186
186
186
415
415
415
415
415
415
415
415
415
415
415
415
415
415
415
415
415
415
415
415
415
415
415
415
415
415
415
415
415
415
415
415
415
415
415
415
415
415
415
415
1296
1296
1296
1296
1296
1296
1296
1296
1296
964
964
964
964
964
964
964
964
964
964
964
964
806
806
806
456
456
456
456
456
456
456
456
456
456
1598
1598
1598
1598
1598
1598
1598
1598
1598
1598
1598
1598
1598
1598
1598
1598
822
822
822
822
822
822
822
822
822
822
822
822
822
822
822
822
822
822
822
822
822
822
822
822
822
822
822
822
822
822
822
822
822
822
822
822
822
822
822
822
822
809
809
809
809
809
809
809
809
1115
1115
1115
1115
1115
1115
1115
1115
1115
1115
1115
1115
1115
1115
1115
1115
1115
1115
1115
1115
1115
1012
1012
1012
1012
1012
1012
1012
1012
1012
1012
1012
1012
1012
1012
1012
1012
1012
1012
1012
1012
1012
1012
507
507
507
507
507
507
507
816
816
816
816
1474
1474
1474
1474
1474
1474
1474
1474
1474
1474
1474
1474
1474
1474
1474
1474
1474
1474
1474
1474
1474
1474
1474
1474
1474
1474
1474
1474
1474
1474
1474
779
779
779
779
779
779
779
779
779
779
779
779
779
779
779
779
779
779
779
779
779
779
779
779
779
779
779
779
779
779
779
779
779
779
779
779
779
779
779
779
779
779
779
779
779
779
779
779
779
779
779
779
779
779
779
779
779
779
779
779
779
779
779
1097
1097
1097
1097
1097
1097
1097
1097
1097
1097
928
928
928
928
928
928
928
928
928
1694
1694
1694
1694
1694
1694
1694
1694
1694
1694
1694
1694
1694
1694
1694
1694
1694
1694
1694
1694
1694
1694
1694
1694
1694
1694
1694
1694
1694
1694
990
990
990
990
990
1383
1383
1383
1383
1383
1383
1383
1383
1383
1383
1383
1383
1383
1383
1383
1383
1383
1383
1383
1383
1383
1383
1383
1383
1383
1383
1383
1383
1383
1383
1383
1383
1383
1383
1383
1383
1383
1383
1383
1383
1383
1383
1383
1383
1383
1383
1383
1383
1383
1383
1383
1383
1383
1383
1383
1383
1383
936
936
936
936
936
936
936
936
936
936
936
936
936
936
936
936
936
936
936
936
936
1125
1125
1125
1125
1125
1125
1125
1125
1125
334
334
334
334
334
334
334
334
334
334
334
334
334
334
334
334
334
334
334
334
334
334
334
334
534
534
534
534
534
534
534
534
534
534
534
512
512
512
512
512
512
512
512
512
512
512
512
512
512
512
512
512
1109
1109
1109
1109
1109
1109
1109
642
642
642
642
642
642
642
642
642
642
642
642
642
642
642
642
642
642
642
642
642
642
642
642
642
642
642
642
642
642
642
642
642
642
642
642
642
642
642
642
562
562
562
562
562
562
562
562
562
562
562
562
562
589
589
589
589
589
589
589
589
589
589
921
921
921
921
921
921
442
442
442
442
442
442
442
442
442
442
442
442
442
442
1052
1052
1052
1052
1052
1052
1052
1052
1052
1052
1052
1052
1052
1052
1052
1052
1052
1052
1052
1052
1052
1052
1052
1052
1052
1052
1052
1052
1052
1052
1052
1052
1052
1052
1052
1052
1052
1052
1052
1052
1052
1052
1052
1052
1052
1052
1052
1052
1052
1052
1052
1052
1052
1052
1052
889
889
889
889
889
889
889
889
889
889
889
889
889
889
889
889
889
889
286
286
286
286
286
286
286
286
286
286
286
286
286
173
173
173
173
173
173
173
173
173
173
173
173
173
173
173
173
173
173
173
173
173
173
173
173
173
173
173
173
173
173
173
173
173
173
173
173
173
173
173
173
173
1132
1132
1132
1630
1630
1162
1162
1162
1162
1162
1162
1162
1162
1162
1162
1162
1162
1162
1162
1162
1162
1162
1619
1619
1619
1619
1619
1619
1619
1619
1619
1619
1619
1619
1619
1331
1331
1331
1331
1331
1331
1331
1331
1331
1331
1331
1331
1331
1331
1331
1331
1331
1331
1331
1331
1331
1331
1331
1331
1331
1331
1331
1331
1331
1368
1368
1368
1368
1368
1368
1368
1367
1367
1367
1367
1367
1367
1367
1367
1367
1367
1367
1367
1367
1367
1367
1367
1367
1367
1367
1367
1367
1367
1367
1367
1367
1367
1367
1367
1367
1367
1367
1367
797
797
797
797
797
797
797
797
797
797
797
797
735
735
735
735
735
735
735
735
735
735
735
735
735
735
735
735
735
735
735
735
735
735
735
735
735
735
735
735
735
735
735
735
735
735
735
735
735
735
735
735
735
735
735
735
735
735
735
735
735
735
735
735
735
735
735
735
735
735
735
735
735
735
735
735
1033
1033
1033
1033
1033
1033
1033
1033
1033
1033
1033
1033
1033
1033
1033
1033
1033
1033
1033
1033
1033
1033
1033
1033
1033
1033
1033
1033
1033
1033
1033
1033
1033
1033
1033
1033
1033
1033
1033
1027
1027
1027
1027
1027
1027
1027
1523
1523
1523
1523
1523
1523
1523
1523
1523
1523
1523
1523
1523
1523
1523
348
348
348
348
348
348
348
348
348
348
348
348
348
348
348
348
348
348
348
348
477
477
477
477
477
477
477
477
477
477
477
477
477
477
477
175
175
175
175
175
175
175
175
175
175
1565
1565
1565
1565
1565
1565
737
737
737
737
737
737
737
737
737
737
737
737
737
737
737
737
737
737
737
737
737
737
737
737
737
737
737
737
737
737
737
737
737
737
737
737
737
737
737
737
737
737
737
737
737
737
737
737
737
737
737
737
737
737
737
737
737
737
737
737
737
737
737
737
737
737
737
737
737
737
737
737
737
737
737
737
737
737
410
410
410
410
410
410
410
410
410
410
410
410
410
410
410
410
410
410
410
410
410
410
410
410
410
410
410
413
413
413
413
413
413
413
413
413
413
413
413
125
125
125
125
125
125
125
125
125
125
125
125
125
125
125
125
125
1444
1444
1444
1444
1444
1444
1444
1444
1444
1444
1444
1444
1444
1444
1444
1444
1444
1444
1444
1444
1444
1444
1444
1444
1444
1444
1444
1444
1444
1444
1444
1444
1444
1158
1158
1158
1158
1158
1158
952
952
952
952
952
952
952
952
952
952
952
952
952
952
952
952
952
952
952
282
282
282
282
282
282
282
282
282
282
282
282
282
282
282
131
131
131
131
131
131
131
131
131
131
1427
1427
1427
1427
1427
1427
1427
1427
1427
1427
1427
1427
1427
1427
1427
1427
1427
1427
1427
1427
1427
1427
1427
1427
1427
1427
1427
1427
1427
1427
1427
1427
1427
1427
1427
1427
1427
1427
1427
1427
1427
1427
1427
1427
1427
1427
1427
1427
1427
1427
1427
1427
1427
1427
1427
1427
1427
1427
1427
1427
1427
1427
1427
1427
1427
1427
1427
1427
56
56
56
56
56
56
56
56
56
56
56
56
56
56
56
56
56
56
56
974
974
974
974
974
974
974
974
974
974
974
974
974
974
974
1650
1650
1650
1650
1650
1650
1650
1650
1650
1650
1650
1650
1650
1650
1650
1650
1650
1255
1255
1255
1255
1255
1255
1255
1255
1255
1255
1255
1255
1255
1255
1255
1255
1255
1255
1255
1255
1255
1255
1255
1255
1255
1255
1255
1255
1255
1255
1255
1255
1255
1255
1255
1255
1255
1255
1255
1255
1255
1255
1255
1255
1255
1255
1255
1255
1255
1255
1087
1087
1087
1087
1087
1087
1087
1087
1087
1087
1087
1087
1087
1087
1087
1087
1087
1087
1087
216
216
216
216
216
216
216
216
216
216
216
216
216
1429
1429
1429
1429
1429
1429
1429
1429
1429
1429
1429
1429
1429
1429
1429
1429
1429
1429
1429
1429
1429
1429
1429
1429
1429
1429
1429
1429
1429
1429
191
191
191
191
191
191
191
191
376
376
376
376
376
376
376
376
376
376
376
376
376
376
376
376
376
376
376
376
376
376
376
40
40
40
40
1131
1131
1131
1131
1131
1131
1131
1131
1131
538
600
600
600
600
600
600
600
600
600
600
600
600
600
600
600
600
600
600
600
600
600
600
600
600
600
600
600
950
950
950
950
950
950
950
950
1101
1101
1101
1101
1101
1101
1101
1101
1101
1101
1101
1101
1101
1101
1101
1101
1101
1101
1101
1101
1101
1101
1101
1101
1101
1101
1101
1101
1101
1101
1101
1101
1101
1101
1101
1101
1101
1101
1101
1101
1101
1101
1101
1101
1101
1101
1101
1101
1101
1101
1101
1101
1101
1101
1101
1101
1101
1101
1101
1101
69
69
69
69
69
69
69
69
69
69
69
69
69
69
69
69
69
69
69
69
69
69
69
69
69
69
69
69
69
69
69
69
69
69
69
69
810
810
810
810
810
810
810
810
810
810
810
810
810
505
505
505
505
505
505
505
505
505
505
505
505
505
505
505
480
480
480
480
480
480
480
480
480
480
480
480
480
480
480
480
480
480
480
480
480
480
327
327
327
327
327
327
327
327
327
327
327
327
327
327
327
327
1678
1678
1678
1678
1678
1678
1678
1678
1678
1678
1678
1678
1678
1678
1678
1678
1678
1678
1678
1678
1678
1678
1678
1678
1678
1678
1678
1678
1678
1678
1678
1678
1678
1678
1678
1678
1678
1678
1678
1678
1678
1678
1678
1678
1678
1678
1678
1678
1678
1678
1678
1678
597
597
597
597
597
597
597
597
597
597
597
597
597
597
597
597
597
366
366
366
366
366
366
366
366
366
366
366
366
366
366
366
366
366
366
366
366
366
366
366
366
366
366
366
366
1387
1387
1387
1387
1387
1387
1387
1387
1387
1387
1387
1387
1387
1387
1155
1155
1155
1155
1155
1155
1155
1155
1155
1155
1155
1155
1155
878
878
878
878
878
878
878
878
878
878
878
878
136
136
136
136
136
136
136
136
136
136
136
1379
1379
1379
1379
1379
1379
1379
1379
1379
1379
1379
1379
1379
1379
1379
1379
1379
1379
1379
1379
1379
1379
1379
1379
181
181
181
181
181
181
181
181
181
181
181
181
181
181
181
181
181
181
181
181
181
181
181
181
181
181
181
181
181
181
181
181
181
181
181
181
1434
1434
1434
1434
1434
1434
1434
1434
1434
1434
1434
1434
1434
1434
1434
1434
1434
1434
1434
1434
1434
1434
1434
1434
1434
1434
1434
1434
1434
1434
1434
1434
1434
1434
1434
1434
1434
1434
1434
1434
1434
1434
1434
1434
1434
1434
1434
1434
1434
1434
1434
1434
1434
1434
1434
1434
1434
1434
1434
1434
1434
1434
1434
1161
1161
1161
1161
1161
1161
1161
1161
1161
1161
1161
1161
1161
1161
1161
1161
1161
1161
1161
1161
1161
1161
1161
1161
1161
1161
1161
1161
1161
1161
1161
1161
1161
1161
1161
1161
1161
388
388
388
388
388
388
388
388
388
388
388
388
388
388
388
388
388
388
388
388
388
388
388
388
1159
1159
1159
1159
1159
1159
1159
1159
1159
1159
1159
1159
1159
1159
1159
1159
1159
1159
1159
1159
1159
1159
1159
1159
1159
1159
1159
1159
1159
1159
1159
1159
1159
1159
1159
1159
1159
1159
1159
1159
1159
1159
1159
1159
1159
1159
1159
1159
1159
1159
1159
1159
1159
1159
1159
1159
717
717
717
717
717
717
717
717
717
717
717
717
717
717
520
520
520
520
520
520
520
520
520
520
520
520
520
520
520
520
520
520
520
520
520
520
520
520
520
520
520
520
1687
1687
1687
1687
1687
1687
1687
1687
1687
1687
1687
1687
1687
1687
1687
1687
1687
1687
1687
1687
1687
1687
1687
1687
1687
1687
1687
1687
1687
1687
1687
1687
1687
1687
1687
1687
1687
1687
1687
1687
1687
1687
1687
1687
1687
1687
1687
1687
1687
1687
1687
1687
1687
1687
1687
1687
1687
1687
1687
1687
1687
1687
1687
1684
1684
1684
1684
1684
1684
1684
1684
1684
1684
1684
1684
1684
1684
1684
1684
1684
1684
1684
1684
1684
1684
1684
1684
1684
1684
1684
1684
1684
1684
1545
1545
1545
1545
1545
1545
1545
1545
1545
1545
1545
1545
1545
1545
1545
1545
1545
1545
1545
1545
1545
1545
1545
1545
1545
1545
1545
1545
1545
1545
1545
1545
1545
1545
1545
1545
1545
1545
1545
1545
1545
1545
1545
1545
1545
1545
1545
1545
1545
1545
1545
1545
1545
1545
1545
1545
1545
1545
1545
1545
1545
1545
1545
1545
1545
1545
1545
1545
1545
1545
1545
1545
1545
1545
1545
1545
1545
1545
1545
1545
1545
1545
1545
1545
1545
1545
1545
1545
1545
1545
1545
1545
1545
1545
1545
1545
1545
119
119
119
119
119
119
119
119
119
119
119
119
119
119
119
119
119
119
119
119
119
119
119
119
119
119
119
119
119
119
119
119
119
119
119
119
119
119
119
119
119
119
119
119
119
119
119
119
119
119
119
119
119
119
119
119
119
119
119
119
119
119
119
119
119
119
1028
1028
1028
1028
1028
1028
1028
1028
1028
1028
1028
1028
1028
1028
1028
1028
1028
1028
1028
1028
1028
1028
1028
1028
1028
170
170
170
170
170
170
170
170
170
170
103
103
103
103
103
103
103
103
103
103
103
103
103
103
103
103
103
103
103
103
103
103
103
103
103
834
834
834
834
954
954
954
954
954
954
392
392
392
392
392
392
392
392
392
392
392
392
392
392
392
392
392
392
392
392
392
392
392
392
856
856
856
856
856
856
856
856
856
856
856
856
856
1659
1659
1659
1659
1659
1659
1659
1659
1659
1659
256
256
256
256
256
256
256
256
256
256
256
256
256
256
256
256
256
256
256
256
256
256
256
256
256
256
256
256
256
256
256
256
256
256
643
643
643
643
724
724
724
724
724
724
724
724
724
1015
1015
1015
1015
1015
1015
1015
1015
1015
1015
1015
1015
1015
1015
1015
1015
1015
1015
1015
1015
1015
1015
1015
1015
1015
1015
1015
1015
1015
1015
1015
1015
1015
1015
1015
1015
1015
1015
1015
1015
1015
1015
1015
1015
1015
1015
1015
1015
1015
1015
1015
1015
1015
1015
1015
1015
1015
1015
1015
1015
1015
1015
1015
1015
1015
1015
1015
1624
1624
1624
1624
1624
1624
1624
1624
1624
1624
1624
1624
1624
1624
1624
1624
1624
1624
1624
1624
1624
1624
1624
1624
1624
1624
1624
1469
1469
1469
1469
1469
1469
1469
1469
1469
1469
1469
1469
1469
1469
1469
1469
1469
1469
1469
1469
1469
1469
1469
1469
1469
1469
1469
1469
1469
1469
1469
1469
1469
1469
1469
1469
1469
1469
1469
1469
1469
1469
1469
1469
1469
1469
1469
1469
1469
1469
1469
1469
1469
1469
1469
1469
1469
1469
78
78
78
78
78
78
78
78
78
78
78
78
78
78
78
78
78
78
78
78
104
104
104
104
104
104
104
104
104
104
104
104
104
104
104
104
1039
1039
1039
1039
1039
1039
1039
1039
1039
1039
1039
1039
1039
1039
1039
1039
1039
1227
1227
1227
1227
1227
1227
1227
1227
1227
1227
1227
1227
1227
1227
1227
1227
1227
1227
1227
1227
1227
1227
1227
1227
1227
1227
1227
1227
1227
1227
1227
1227
1227
1227
1227
966
966
966
966
966
966
966
966
966
966
966
966
966
966
966
966
966
966
966
966
966
966
966
966
966
1277
1277
1277
1277
1277
1277
1277
1277
1277
1277
1277
1277
1277
1277
1460
1460
1460
1460
1460
1460
1460
1460
1460
1460
1460
1460
746
746
746
746
746
746
746
746
746
746
746
746
746
746
746
746
924
924
924
924
924
924
924
924
924
73
73
73
73
73
73
73
73
73
73
73
73
1201
1201
1201
1201
1201
500
500
500
500
500
500
500
500
500
500
500
500
500
500
500
500
500
500
500
500
500
500
500
500
500
500
500
74
74
74
74
74
74
74
74
74
74
74
74
74
74
74
74
74
74
74
693
693
693
693
693
693
693
693
693
693
693
693
693
693
693
693
693
693
693
693
693
693
693
693
762
762
762
762
762
762
747
747
747
747
747
747
747
747
747
747
747
747
747
747
747
747
747
747
747
747
221
221
221
221
221
221
221
221
221
221
221
221
221
221
221
221
221
221
221
221
221
221
221
221
1030
1030
1030
1030
1030
1030
1030
1030
1030
1030
1030
1030
1030
1030
1030
1030
1030
1030
1030
1030
1030
1030
1030
1030
1030
1030
1385
1385
1385
1385
1385
1385
1385
1385
1385
1385
1385
1385
1385
1385
1385
1385
1385
1385
1385
1385
1385
1385
1385
1385
1385
1385
1385
1385
1385
1385
1385
1385
1385
1385
1385
1385
1413
1413
1413
1413
1413
1413
1413
1413
1413
1413
1413
1413
1413
1413
1413
1413
846
846
846
846
846
846
846
846
846
846
846
846
846
846
846
846
846
846
846
846
846
846
846
846
846
846
846
846
846
846
846
846
846
846
846
846
846
846
846
846
846
846
846
846
846
846
846
846
846
846
846
846
846
846
846
846
846
846
846
846
846
846
846
846
846
846
846
846
846
846
846
846
937
937
937
937
937
937
937
937
937
937
937
937
937
937
1458
1458
1458
1458
1458
1458
1458
1458
1458
1458
1458
1458
1458
1458
1458
1458
1458
1458
1458
1458
1458
1458
1458
1458
1458
1458
1458
1458
1458
1458
1458
1458
1458
1458
1458
1458
1458
1458
1458
1458
1458
1458
1458
1458
1458
1458
1458
1458
50
50
50
50
50
50
50
50
50
50
50
1216
1216
1216
1216
1136
1136
1136
1136
1136
1136
1136
1136
1136
1136
1136
1136
1136
1136
1136
1136
1136
1136
1136
1136
1136
1136
1136
1136
948
948
948
948
948
948
948
948
948
948
948
948
948
948
948
948
948
948
948
948
948
948
948
948
948
948
1243
1243
1243
1243
1243
1243
1243
1243
1243
1666
1666
1666
1666
1666
1666
1666
1666
1666
1666
1666
1666
1666
1666
1666
1666
1666
1666
1666
1666
1666
1666
1004
1004
1004
1004
1004
1004
1004
1004
1004
1004
673
673
673
673
673
673
673
673
673
673
774
774
774
774
774
774
774
774
774
774
774
774
774
774
774
774
774
774
774
774
774
774
1098
1098
1098
1098
1488
1488
1488
1488
1488
1488
1488
1488
1488
1488
1488
1488
1488
1488
1488
71
71
71
71
71
71
71
71
71
71
71
71
71
71
71
71
71
71
71
71
71
71
71
1280
1280
1280
1280
1280
1280
1280
1280
1280
1280
1280
1280
1280
1280
1280
1280
1280
1280
1280
1280
1280
1139
1139
1139
1139
1139
1139
1139
1139
1139
1139
1139
1139
1139
1139
1139
1139
1139
1139
1139
1139
1139
1139
1139
1139
1139
1139
1139
1139
1139
1139
838
838
838
838
838
838
838
838
838
838
838
838
838
838
838
838
838
838
838
838
838
838
838
838
838
838
838
838
838
838
838
838
1380
1380
1380
1380
1380
1380
1380
1380
1380
1380
1380
1380
1380
1380
1380
1380
1380
1380
1380
1380
1380
1380
1646
1646
1646
1646
1646
1646
1646
1646
1646
1646
1646
1646
1646
264
264
264
264
264
264
264
264
264
264
264
264
264
264
264
264
264
264
264
264
264
264
264
264
264
264
264
264
264
264
264
264
264
264
264
264
264
264
264
264
264
264
264
264
264
264
264
264
264
264
264
264
264
264
264
264
264
264
264
264
404
404
404
404
404
404
404
1127
1127
1127
1127
1127
1127
1127
1127
1127
1127
1127
1127
1127
1127
1127
1127
1127
1127
1260
1260
1260
1260
1260
1260
1260
1260
1281
1281
1281
1281
1281
1281
1281
1281
1281
1281
303
303
303
303
303
303
303
303
303
303
303
303
303
824
824
824
824
824
824
824
824
824
824
824
824
824
824
824
824
824
824
824
824
824
824
824
824
824
824
1319
1319
1319
1319
1319
1319
1319
1319
1319
1319
1319
1219
1219
1219
1219
1219
1219
1219
1219
1219
1219
1219
1219
1219
1157
1157
1157
1157
1157
1157
1157
1157
908
908
908
20
20
20
20
20
20
20
20
20
20
20
20
20
20
20
20
20
20
20
20
20
20
20
20
20
20
20
20
20
20
20
20
20
20
20
20
20
20
20
20
20
20
20
20
20
20
20
20
20
20
20
20
20
20
20
20
20
20
20
20
20
20
20
20
20
20
20
20
20
20
59
59
59
59
59
59
59
59
59
59
59
59
59
59
59
59
59
59
59
59
59
1550
1550
1550
1550
1550
1550
1550
1550
1550
1550
1550
1550
1550
1550
1550
1550
1550
1550
1550
1550
1550
1550
1550
1550
1550
1550
1550
1550
1550
1550
1550
1550
1550
1550
1550
1550
1550
1550
1550
1550
1550
1550
1550
1550
1550
1550
1550
473
473
473
473
473
252
252
252
252
252
740
740
740
740
740
740
740
740
740
740
740
740
740
740
740
740
740
740
740
740
740
850
850
850
850
850
850
850
850
850
850
850
850
19
19
19
19
19
19
19
19
19
19
19
19
19
19
19
19
19
19
19
19
19
19
19
19
19
19
19
19
19
19
19
19
19
19
19
19
19
19
19
19
19
19
19
19
19
19
19
19
19
19
19
19
19
19
19
19
19
19
19
19
19
19
19
19
19
19
19
19
19
19
19
19
19
19
19
19
19
19
19
19
19
19
19
19
19
19
19
19
19
19
19
19
19
19
19
19
19
19
19
19
19
19
19
19
19
19
19
19
19
19
19
19
19
19
19
19
19
19
19
19
19
19
19
19
19
19
19
19
19
19
19
19
19
19
19
19
19
19
19
19
19
19
19
19
19
19
19
19
19
19
19
19
19
19
19
19
19
19
19
19
19
19
19
19
19
19
19
19
19
19
19
19
19
19
19
19
19
19
19
19
19
19
19
19
19
19
19
19
19
19
19
19
19
19
19
19
19
19
19
19
19
19
19
19
19
19
19
19
19
19
19
19
19
19
19
19
19
19
19
19
19
19
19
19
19
19
19
19
19
19
19
19
19
19
19
19
19
19
19
19
19
19
19
19
19
19
19
19
19
19
19
19
19
19
19
19
19
19
19
19
19
19
19
19
19
19
19
19
19
19
19
19
19
19
19
19
19
19
19
19
19
19
19
19
19
19
19
19
19
19
19
19
19
19
19
19
19
19
19
19
19
19
19
19
19
19
19
19
19
19
19
19
19
19
19
19
19
19
19
19
19
19
19
19
19
19
19
19
19
19
19
19
19
19
19
19
19
19
19
19
19
19
19
19
19
19
19
19
19
19
19
19
19
19
19
19
19
19
19
19
19
19
19
19
19
19
19
19
19
19
19
19
19
19
19
19
19
19
19
19
19
19
19
19
19
19
19
19
19
19
19
19
19
19
19
19
19
19
19
19
19
19
19
19
19
19
19
19
19
19
19
19
19
19
19
19
19
19
19
19
19
19
19
19
19
19
19
19
19
19
19
19
19
19
19
19
19
19
19
19
19
19
19
19
19
19
19
19
19
19
19
19
19
19
19
19
19
19
19
19
19
19
19
19
19
19
19
19
19
19
19
19
19
19
19
19
19
19
19
19
19
19
19
19
19
19
19
19
19
19
19
19
19
19
19
19
19
19
19
19
19
19
19
19
19
19
19
19
19
19
19
19
19
19
19
19
19
19
19
19
19
19
19
19
19
19
19
19
19
19
19
19
19
19
19
19
19
19
19
19
19
19
19
19
19
19
19
19
19
19
19
19
19
19
19
19
19
19
19
19
19
19
19
19
19
19
19
19
19
19
19
19
19
19
19
19
19
19
19
19
19
19
19
19
19
19
19
19
19
19
19
19
19
19
19
19
19
19
19
19
19
19
19
19
19
19
19
19
19
19
19
19
19
19
19
19
19
19
19
19
19
19
19
19
19
19
19
19
19
19
19
19
19
19
19
19
19
19
19
19
19
19
19
19
19
19
19
19
19
19
19
19
19
19
19
19
19
19
19
19
19
19
19
19
19
19
19
19
19
19
19
19
19
19
19
19
19
19
19
19
19
19
19
19
19
19
19
19
19
19
19
19
19
19
19
19
19
19
19
19
19
19
19
19
19
19
19
19
19
19
19
19
19
19
19
19
19
19
19
19
19
19
19
19
19
19
19
19
19
19
19
19
19
19
19
19
19
19
19
19
19
19
19
19
19
19
19
19
19
19
19
19
19
19
19
19
19
19
19
19
19
19
19
19
19
19
19
19
19
19
19
19
19
19
19
19
19
19
19
19
19
19
19
19
19
19
19
19
19
19
19
19
19
19
19
19
19
19
19
19
19
19
19
19
19
19
19
19
19
19
19
19
19
19
19
19
19
19
19
19
19
19
19
19
19
19
19
19
19
19
19
19
19
19
19
19
19
19
19
19
19
19
19
19
19
19
19
19
19
19
19
19
19
19
19
19
19
19
19
19
19
19
19
19
19
19
19
19
19
19
19
19
19
19
19
19
19
19
19
19
19
19
19
19
19
19
19
19
19
19
19
19
19
19
19
19
19
19
19
19
19
19
19
19
19
19
19
19
19
19
19
19
19
19
19
19
19
19
19
19
19
19
19
19
19
19
19
19
19
19
19
19
19
19
19
19
19
19
19
19
19
19
19
19
19
19
19
19
19
19
19
19
19
19
19
19
19
19
19
19
19
19
19
19
19
19
19
19
19
19
19
19
19
19
19
19
19
19
19
19
19
19
19
19
19
19
19
19
19
19
19
19
19
19
19
19
19
19
19
19
19
19
19
19
19
19
19
19
19
19
19
19
19
19
19
19
19
19
19
19
19
19
19
19
19
19
19
19
19
19
19
19
19
19
19
19
19
19
19
19
19
19
19
19
19
19
19
19
19
19
19
19
19
19
19
19
19
19
19
19
19
19
19
19
19
19
19
19
19
19
19
19
19
19
19
19
19
19
19
19
19
19
19
19
19
19
19
19
19
19
19
19
19
19
19
19
19
19
19
19
19
19
19
19
19
19
19
19
19
19
19
19
19
19
19
19
19
19
19
19
19
19
19
19
19
19
19
19
19
19
19
19
19
19
19
19
19
19
19
19
19
19
19
19
19
19
19
19
19
19
19
19
19
19
19
19
19
19
19
19
19
19
19
19
19
19
19
19
19
19
19
19
19
19
19
19
19
19
19
19
19
19
19
19
19
19
19
19
19
19
19
19
19
19
19
19
19
19
19
19
19
19
19
19
19
19
19
19
19
19
19
19
19
19
19
19
19
19
19
19
19
19
19
19
19
19
19
19
19
19
19
19
19
19
19
19
19
19
19
19
19
19
19
19
19
19
19
19
19
19
19
19
19
19
19
19
19
19
19
19
19
19
19
19
19
19
19
19
19
19
19
19
19
19
19
19
19
19
19
19
19
19
19
19
19
19
19
19
19
19
19
19
19
19
19
19
19
19
19
19
19
19
19
19
19
19
19
19
19
19
19
19
19
19
19
19
19
19
19
19
19
19
19
19
19
19
19
19
19
19
19
19
19
19
19
19
19
19
19
19
19
19
19
19
19
19
19
19
19
19
19
19
19
19
19
19
19
19
19
19
19
19
19
19
19
19
19
19
19
19
19
19
19
19
19
19
19
19
19
19
19
19
19
19
19
19
19
19
19
19
19
19
19
19
19
19
19
19
19
19
19
19
19
19
19
19
19
19
19
19
19
19
19
19
19
19
19
19
19
19
19
19
19
19
19
19
19
19
19
19
19
19
19
19
19
19
19
19
19
19
19
19
19
19
19
19
19
19
19
19
19
19
19
19
19
19
19
19
19
19
19
19
19
19
19
19
19
19
19
19
19
19
19
19
19
19
19
19
19
19
19
19
19
19
19
19
19
19
19
19
19
19
19
19
19
19
19
19
19
19
19
19
19
19
19
19
19
19
19
19
19
19
19
19
19
19
19
19
19
19
19
19
19
19
19
19
19
19
19
19
19
19
19
19
19
19
19
19
19
19
19
19
19
19
19
19
19
19
19
19
19
19
19
19
19
19
19
19
19
19
19
19
19
19
19
19
19
19
19
19
19
19
19
19
19
19
19
19
19
19
19
19
19
19
19
19
19
19
19
19
19
19
19
19
19
19
19
19
19
19
19
19
19
19
19
19
19
19
19
19
19
19
19
19
19
19
19
19
19
19
19
19
19
19
19
19
19
19
19
19
19
19
19
19
19
19
19
19
19
19
19
19
19
19
19
19
19
19
19
19
19
19
19
19
19
19
19
19
19
19
19
19
19
19
19
19
19
19
19
19
19
19
19
19
19
19
19
19
19
19
19
19
19
19
19
19
19
19
19
19
19
19
19
19
19
19
19
19
19
19
19
19
19
19
19
19
19
19
19
19
19
19
19
19
19
19
19
19
19
19
19
19
19
19
19
19
19
19
19
19
19
19
19
19
19
19
19
19
19
19
19
19
19
19
19
19
19
19
19
19
19
19
19
19
19
19
19
19
19
19
19
19
19
19
19
19
19
19
19
19
19
19
19
19
19
19
19
19
19
19
19
19
19
19
19
19
19
19
19
19
19
19
19
19
19
19
19
19
19
19
19
19
19
19
19
19
19
19
19
19
19
19
19
19
19
19
19
19
19
19
19
19
19
19
19
19
19
19
19
19
19
19
19
19
19
19
19
19
19
19
19
19
19
19
19
19
19
19
19
19
19
19
19
19
19
19
1207
1207
1207
1207
1207
1207
1207
1392
1392
1392
1392
1392
1392
1392
1392
1392
1392
1392
1392
1392
1392
1392
691
691
67
67
67
67
67
67
67
67
67
67
67
67
67
67
67
67
67
67
67
67
67
67
67
67
67
67
67
67
67
67
67
67
67
67
67
67
67
67
67
67
67
67
67
67
67
67
67
67
67
67
67
67
67
67
67
67
67
67
67
67
67
67
67
67
67
67
67
922
922
922
922
922
922
171
171
171
171
171
171
171
171
171
171
171
171
171
171
171
171
171
171
171
171
171
171
171
171
171
171
171
171
171
171
171
171
171
171
171
171
171
171
171
171
171
171
171
171
171
171
171
171
171
171
171
171
171
171
171
171
1116
1116
1116
1116
1116
1116
1116
1116
1116
1116
1116
1116
1116
1116
1116
1116
1116
1116
1116
541
541
541
541
541
541
541
541
541
541
541
541
541
541
541
541
541
1252
1252
1252
1252
1252
1252
1252
1252
1252
1252
1252
1252
1252
1252
1252
1252
1252
1252
1252
1252
1252
1252
1252
1252
1252
1252
1252
1252
1252
1252
1252
1252
1252
1252
1252
1252
1252
1252
1229
1229
1229
1229
1229
1229
1229
1229
1229
1229
1229
1229
1229
1229
1229
1229
1229
1229
1229
1229
1229
1229
1229
1229
1229
1229
1229
1229
1229
1229
1229
1229
1229
1229
1229
1229
1229
1229
1229
1229
1229
1229
1229
1229
1229
1229
1229
588
588
588
588
588
588
588
588
588
588
588
588
588
588
588
588
588
588
588
588
588
588
588
588
588
588
588
588
588
1553
1553
1553
1553
1553
1553
1553
1553
1553
1553
1553
1553
1553
1553
1553
1553
1553
1553
1553
1553
1553
1553
1553
1553
1553
1553
1553
1553
1553
1553
1553
1553
1553
1553
1553
1553
1553
1553
1553
1553
1553
1553
1553
1553
1553
1553
1553
1553
1553
1553
1553
1553
1553
1553
1553
1553
1553
1553
1553
1553
1553
1553
1553
1553
1553
1553
1553
1553
1553
1553
1553
1553
1553
1553
1553
1553
1553
1553
1553
1553
1553
1553
1553
1553
1553
1553
1553
1553
1553
1553
1553
1553
1553
1553
1553
1553
1553
1553
1553
1553
1553
1553
1553
1553
1553
1553
1553
1553
1553
1553
1553
1553
1553
1553
1553
1553
1553
1553
1553
1553
1553
1553
1553
1553
1553
1553
1553
1553
1553
1553
1553
1553
1553
1553
77
77
77
77
77
77
77
77
77
77
77
77
77
77
77
77
77
77
77
77
77
77
77
77
77
77
77
77
77
77
77
77
77
77
77
77
77
77
77
77
77
77
77
77
77
1151
1151
1151
1151
1151
1151
1151
1151
1151
1151
1151
1151
1151
906
906
906
906
906
906
906
906
906
906
906
906
906
906
906
906
906
906
906
906
906
906
906
906
906
906
906
906
906
906
183
183
183
183
183
183
183
183
183
183
115
115
115
115
115
115
115
115
115
115
115
115
115
115
115
115
115
115
115
115
115
115
115
115
115
115
115
115
115
115
115
115
115
115
115
115
115
115
300
300
300
300
300
300
300
300
300
300
300
300
300
1539
1539
1539
1539
1539
1539
1539
1539
1539
1539
1539
1539
1539
1539
1539
1539
1539
1539
1539
1539
1539
1539
1539
1539
1539
1539
1539
1539
1539
1539
1539
1539
1539
1539
1539
1539
1539
1539
1539
1539
1539
1539
1539
1539
1539
1539
1539
1114
1114
1114
1114
1114
1114
1114
1114
1114
1114
1114
1114
1114
967
967
967
967
967
967
967
967
967
967
967
967
967
967
967
967
967
967
967
967
967
967
967
967
967
967
967
967
967
967
967
967
967
544
544
544
544
544
544
544
544
544
544
544
544
544
544
544
544
544
544
544
544
544
544
544
544
544
544
544
544
544
979
979
979
979
979
979
979
979
979
979
979
979
979
979
979
979
979
979
979
979
979
979
979
979
979
979
979
979
979
979
979
979
979
979
979
979
979
979
979
979
979
979
979
979
979
979
979
979
979
979
979
979
979
979
979
979
979
1420
1420
1420
1420
1420
1420
1420
1420
1420
1420
1420
1420
1420
1420
1420
1420
1420
1420
1420
1420
601
601
601
601
601
601
601
601
601
601
601
601
601
601
601
601
601
601
601
1534
1534
1534
675
675
675
675
675
675
675
675
675
675
675
675
675
675
675
675
675
675
675
675
675
675
675
675
675
416
416
416
416
416
416
416
416
416
416
416
416
416
416
416
416
416
416
416
416
416
416
416
416
416
416
416
416
416
416
416
416
416
416
416
416
416
416
416
416
1143
1143
1143
1143
1143
1143
1143
1143
1143
1143
1143
1143
1143
1143
1143
1143
1143
1143
1476
1476
1476
1476
1476
1476
1476
1476
1476
1476
1476
1476
1476
1476
1476
1476
1476
1476
1476
1476
1476
1476
1476
1476
1476
1476
1476
1476
721
721
721
721
721
721
721
721
721
721
721
721
721
721
721
721
721
721
721
721
721
721
721
721
721
721
721
721
721
721
721
721
721
721
214
214
214
214
214
214
214
214
214
214
214
214
214
214
214
214
214
214
214
214
214
214
214
214
214
214
214
214
214
214
214
214
214
214
214
214
214
214
214
214
214
214
214
214
214
214
214
214
214
214
214
214
214
214
214
214
214
214
214
214
214
214
214
214
214
214
214
214
214
214
214
214
214
214
214
214
214
214
214
214
214
1019
1019
1019
1019
1019
1019
1081
1081
1081
1081
1081
1081
1081
1081
1081
1081
1081
1081
1081
1081
1081
1081
1081
1081
1081
1081
1081
1081
1081
1081
1081
1081
1081
1081
1081
1081
1081
1081
1081
1081
1081
1081
1081
1081
1081
1081
1081
1081
1081
1081
1081
1081
1081
1081
1334
1334
1334
1334
1334
1334
1334
1334
1334
1334
1334
1334
1334
1334
1334
1334
1334
1334
694
694
694
694
694
694
694
694
694
694
694
694
694
694
694
694
694
694
694
694
694
694
694
694
694
694
694
694
694
694
694
694
694
694
694
694
325
325
325
325
325
325
325
325
325
325
325
325
325
325
325
325
325
325
325
325
325
325
325
325
325
325
325
325
663
663
663
663
663
663
663
663
663
663
663
663
663
663
663
663
663
663
663
663
1315
1315
1315
1315
1315
728
728
728
728
728
728
728
728
1561
1561
1561
419
419
284
284
284
284
284
284
1629
1629
1629
1629
1629
1629
1629
1629
1629
1629
1629
1629
1629
1629
1629
1629
1629
1629
1629
1629
1629
1629
912
912
912
912
912
912
912
213
213
213
213
213
213
213
213
213
213
213
213
213
213
213
213
213
213
213
213
213
213
213
213
213
213
213
213
213
213
213
213
213
213
213
213
213
1487
1487
1487
1487
1487
1487
1487
1487
95
95
95
95
95
95
95
95
95
95
95
95
95
95
95
95
95
95
95
95
95
95
95
95
95
95
95
95
95
95
95
95
95
95
95
95
95
95
95
95
95
95
95
95
95
95
95
95
95
95
591
591
591
591
591
591
591
591
591
591
591
591
591
591
591
591
591
591
591
591
591
591
591
591
591
591
591
591
624
624
624
624
624
624
624
624
624
624
624
624
624
624
624
624
624
1496
1496
1496
1496
1496
1496
1496
1496
1496
820
820
820
820
820
820
820
820
820
820
820
820
820
820
820
820
820
820
820
820
820
820
820
820
820
820
820
820
820
820
820
386
386
386
386
386
386
386
386
386
386
386
386
386
386
386
386
386
386
386
386
386
386
386
386
386
1612
1612
1612
1612
1612
1612
1612
1612
1612
1612
1612
1410
1410
1410
1410
1410
1410
1410
1410
1410
1410
1410
1410
1410
1410
246
246
246
246
246
246
246
246
246
246
246
246
246
246
246
833
833
833
833
833
833
833
833
833
833
833
384
384
384
384
384
384
384
384
384
384
384
384
147
147
147
147
147
147
147
147
147
147
147
147
147
147
147
147
147
147
147
147
147
147
147
147
147
147
147
147
147
147
147
750
750
750
750
750
750
750
750
750
750
750
750
750
750
750
750
750
750
750
750
750
750
750
750
1658
1658
1658
1658
1658
1658
1658
1273
1273
1273
1273
1273
1273
1273
1273
1273
1273
1273
1273
1273
235
235
235
235
235
235
235
235
235
235
235
235
235
235
235
235
235
235
235
235
235
235
235
235
235
235
235
235
235
235
235
235
235
235
235
235
235
235
235
235
235
235
235
235
235
235
235
235
235
235
235
235
235
235
235
1676
1676
1676
1676
1676
1676
1676
1676
1676
1676
1676
1676
1676
1676
1676
1676
1676
1676
1676
1676
916
916
916
916
916
916
916
916
916
916
916
916
916
916
916
916
916
916
916
916
916
1691
1691
1691
1691
1691
1691
1691
1691
1691
1691
1691
1691
1691
1691
1691
1691
1691
1691
1691
1691
1691
1691
1691
1691
1691
1691
1691
1691
1691
1691
1691
1691
1691
1691
1691
1691
1691
1691
1691
1691
1691
1691
1691
1691
1691
1691
1691
1691
1691
1691
1691
1691
1691
1691
1691
1691
1691
1691
1691
1691
1691
1691
1691
1691
1691
1691
1691
1691
1691
1691
1691
1691
1691
1691
1691
1691
1691
1691
1691
1691
1691
1691
1691
1691
1691
1691
1691
1691
1691
1691
1691
1691
1691
1691
1691
1691
1691
1691
1691
1691
1691
1691
1691
1691
1691
1691
1691
1691
1691
1691
1691
1691
1691
1691
1691
1691
1691
1691
1691
1691
1691
1691
1691
1691
1691
1691
1691
1691
1691
1691
1691
1691
1691
1691
118
118
118
118
118
118
118
118
118
118
118
118
118
118
118
118
118
118
118
118
118
118
118
118
118
118
118
118
118
118
118
118
118
1605
1605
1605
1394
1394
1394
1394
1394
1394
1394
1394
1394
1394
1394
1394
1394
1394
580
580
580
580
580
580
1358
1358
1358
1358
1358
1358
1358
1358
1358
1358
1358
1358
1358
1358
1358
1358
1358
1358
1358
1358
1358
1358
1637
1637
1637
1637
1637
1637
650
650
650
650
650
650
650
650
650
650
650
650
650
650
650
526
526
751
751
751
751
751
751
751
751
751
751
751
751
751
751
751
751
751
751
751
751
1323
1323
1323
1323
1323
1648
1648
733
733
733
733
733
733
733
733
733
733
733
733
733
733
733
733
733
733
733
733
733
733
733
733
733
733
733
733
733
733
733
733
733
733
733
733
733
733
733
733
733
733
733
733
733
733
733
733
733
733
733
733
733
733
733
733
733
995
995
995
995
995
995
995
995
995
995
995
995
995
995
995
995
995
995
995
995
995
995
995
995
995
995
995
995
995
995
995
995
995
995
995
995
995
995
995
995
995
995
995
995
995
995
995
995
995
780
780
780
780
780
780
780
780
780
780
780
780
349
349
349
349
349
349
349
349
349
349
349
349
349
349
349
349
349
349
349
349
349
349
349
1092
1092
1092
1092
1092
1092
1092
1038
1038
1038
1038
1038
1038
1038
1038
1038
1038
1038
1038
1038
1038
1038
1038
1038
1038
1038
1038
1038
1038
1038
1038
1038
1038
1038
1038
1038
1038
1038
1038
1038
1038
1038
1038
1038
1038
1038
1038
1038
1038
1038
1038
1038
1038
1038
1038
1038
1038
1038
81
81
81
81
81
81
81
81
81
81
81
81
81
81
81
81
81
81
81
81
81
81
81
81
81
81
81
81
81
81
81
81
81
81
81
81
81
81
81
81
81
81
81
81
81
81
81
81
57
57
57
57
57
57
57
1054
1054
1054
1054
1054
1054
1054
1054
1054
1054
1054
1054
1054
1054
1054
1054
1054
1054
1054
1054
1054
1054
94
94
94
94
94
94
94
94
94
94
112
112
112
112
112
112
112
112
112
112
112
112
112
112
112
112
112
112
112
112
112
112
1524
1524
1524
1524
1524
1524
1524
1524
1524
62
62
62
62
62
62
62
62
62
62
62
62
62
62
62
62
62
62
62
62
62
62
190
190
190
190
190
190
190
190
190
190
190
190
190
190
190
190
190
190
190
190
190
190
190
190
1359
1359
1359
1359
1359
1359
1359
1359
1359
1359
1359
1359
1359
1359
1359
1359
1359
1359
1359
1359
1359
1359
1359
1359
1359
1359
1359
1359
1359
1359
1359
1359
1359
1359
1359
1359
1359
1359
1359
1359
1359
1359
1359
1359
1359
1359
1359
1359
1359
1359
1359
1359
1359
1359
1359
1359
1359
1359
1359
1359
1359
1359
1359
1359
1359
1359
1359
1359
1359
1359
1359
1359
1359
1359
1359
1359
1359
1359
1359
1359
1359
1359
1359
1359
1359
1359
1359
1359
1359
1359
160
160
160
160
160
160
160
160
160
160
160
160
160
160
160
160
160
160
160
160
160
160
160
160
160
160
578
578
578
578
578
578
578
578
578
578
578
578
578
578
578
578
578
578
578
578
578
578
578
578
578
578
578
578
578
578
578
578
578
578
578
578
578
578
578
578
578
578
358
358
358
358
358
358
358
358
358
358
358
358
358
358
358
358
358
358
358
358
358
358
358
358
358
358
358
326
326
326
326
326
1576
1576
1576
4
4
4
4
4
4
4
4
4
4
4
4
4
4
4
4
4
4
4
4
4
4
4
4
4
4
4
4
4
4
4
4
4
4
4
4
4
4
4
4
4
260
260
260
260
260
260
260
260
260
260
260
260
260
260
260
260
260
260
1283
1283
1283
1283
1283
1283
1283
1283
1283
1283
1283
1283
1283
1283
1275
1275
1275
1275
1275
1275
1275
1275
1275
1275
1275
1275
1192
1192
1192
1192
1192
1192
1192
1192
1192
1643
1643
1643
1643
1643
1643
1643
1643
1643
1623
1623
1623
1623
1623
1623
1623
1623
1623
1623
1623
1623
1623
1623
1623
1623
1623
1623
1623
1623
902
902
902
902
902
902
902
902
1479
1479
1479
1479
1479
1479
1479
1479
1479
1479
1479
1479
1479
1479
1479
1479
1479
1479
1479
1479
1479
1479
1479
1479
1479
1479
1479
1479
1479
1479
1479
1479
1479
1479
1479
1479
1479
1479
1479
1479
1479
1479
1479
1479
1479
1479
832
832
832
832
832
832
832
832
832
832
832
832
832
832
832
832
832
832
142
142
142
142
142
142
142
142
142
142
142
142
142
142
142
142
142
142
142
142
142
142
142
26
26
26
26
26
26
26
26
26
26
26
26
26
26
26
26
26
26
26
26
26
26
26
26
26
26
26
26
26
26
26
26
26
462
462
462
462
462
462
462
462
462
462
462
462
193
193
193
193
193
193
193
193
193
193
193
193
193
193
193
193
193
193
193
193
193
193
193
193
193
718
718
718
718
718
718
718
718
718
718
718
718
718
718
825
1105
1105
1105
1105
1105
1105
1105
1105
1105
1105
1105
1105
1105
1105
1105
1105
1105
1105
1105
1105
1105
1105
1105
1105
1105
1105
1105
1105
1105
1105
1105
1105
1105
1105
1105
1105
1105
1218
1218
1218
1218
1218
1218
1218
1218
628
484
484
232
232
232
232
232
676
676
676
676
676
676
676
676
676
676
676
676
676
676
676
676
676
676
676
676
676
676
676
676
676
676
676
676
676
668
668
169
169
169
169
169
169
169
169
169
169
766
766
766
766
612
612
612
612
612
1502
1502
1502
1502
1502
1502
1502
1502
1502
1502
1502
1502
1502
1502
1502
1502
1502
1502
1502
1502
1502
1502
1685
1685
1685
1685
1685
1685
1685
359
359
359
359
359
359
359
359
359
359
359
359
359
359
359
359
359
359
359
359
359
359
359
359
359
359
359
359
359
359
359
359
359
359
359
359
359
359
359
359
359
359
359
359
359
359
359
359
359
359
359
1093
1093
1093
1093
1093
1093
1093
1093
1093
1093
1093
1093
1093
1093
362
362
362
362
362
362
362
362
362
362
362
362
362
362
362
362
362
362
362
362
362
362
362
1656
1656
1656
1656
1656
1656
1656
1656
1656
1656
1656
1656
1656
1656
1656
1656
1656
1656
1656
1656
1656
1656
1656
1656
1656
1656
1656
1197
1197
1197
1197
1197
1197
1197
1197
1197
1197
1197
1197
1197
1197
1197
1197
1197
1197
1197
1197
1197
1197
1197
1197
1197
1197
1197
1197
1197
1197
1197
1197
1197
1197
1197
1197
1197
1197
1197
548
548
548
548
548
548
548
548
548
548
548
548
548
548
510
510
510
510
510
510
510
510
510
510
510
510
510
510
510
510
510
510
510
510
510
510
510
510
510
510
407
407
407
602
602
602
602
602
602
602
602
602
602
602
602
602
602
602
602
602
602
602
602
602
546
546
546
546
546
546
546
546
546
546
546
546
546
546
546
546
546
546
546
546
546
546
546
546
546
546
546
546
546
546
546
546
546
546
546
546
546
546
1568
1568
1568
1568
1568
1564
1564
1564
1564
1564
1564
1564
1564
1564
1564
1564
1564
1564
1564
1564
1564
1564
1564
1564
1564
1564
1564
790
790
790
790
790
790
790
790
790
790
790
1185
1185
1185
1185
1185
1185
1185
1185
1185
1185
1185
1185
1185
1185
1185
1185
1185
1185
1185
1185
1185
1185
559
559
559
559
559
559
559
559
559
559
568
568
568
568
568
568
568
568
568
568
568
568
568
568
568
568
568
568
568
568
568
568
568
568
568
568
568
568
568
568
568
568
568
568
568
568
568
568
568
568
568
568
568
568
568
568
568
568
1123
1123
1123
1123
1123
1123
1123
1123
1123
1123
1123
439
439
439
439
439
439
439
439
439
439
439
439
439
439
439
439
439
439
439
439
439
439
439
439
439
443
443
443
443
443
443
443
443
132
132
132
132
132
132
132
132
132
132
132
132
132
132
132
132
132
723
723
723
723
723
723
723
723
723
723
723
723
723
723
723
723
723
723
723
723
723
375
375
375
375
375
375
375
375
375
375
375
375
375
375
375
375
375
375
375
375
375
375
375
375
375
375
375
375
375
375
375
375
375
375
375
375
375
375
375
375
375
375
375
375
630
630
1141
1141
127
127
127
127
127
127
127
127
127
127
127
127
127
127
127
127
127
127
127
127
127
127
127
127
127
127
127
127
127
127
127
127
127
127
127
127
127
127
127
127
127
127
127
127
127
127
127
127
1156
1156
1156
1156
1156
1156
1156
1156
1156
1156
304
304
304
304
304
304
304
304
304
304
304
304
304
304
298
298
298
298
298
298
298
298
298
298
298
298
298
298
298
298
298
298
298
298
298
298
298
298
298
298
298
298
298
298
298
804
804
804
804
804
804
804
804
804
804
804
804
804
804
804
804
804
804
804
804
804
804
804
804
804
804
804
804
37
37
37
37
37
37
37
37
37
37
37
37
37
37
37
37
37
37
37
37
37
37
37
37
37
37
37
37
37
37
37
37
37
37
37
37
37
37
37
37
37
351
351
351
351
351
351
351
351
351
351
351
351
351
351
351
39
39
39
39
39
39
39
39
39
39
39
39
39
39
39
39
39
39
39
39
39
39
39
39
39
39
39
39
39
39
39
39
39
39
39
39
39
39
39
39
39
39
39
39
39
39
1589
1589
1589
1589
1589
1589
1589
1589
1589
116
116
116
116
116
116
116
116
116
116
116
116
116
116
116
116
116
116
116
116
116
116
116
116
116
116
116
116
116
116
116
1186
1186
1186
1186
1186
1186
1186
1186
1186
1186
1186
1186
1186
1186
1186
1186
1186
1186
1189
1189
1189
1189
1189
1189
1189
1189
1189
1189
1189
1189
1189
1189
1189
1189
1189
1189
1189
1189
1189
1189
1189
1189
1189
1189
1189
1189
1189
1189
1189
1189
1189
1189
1189
1189
1189
1189
1189
1189
1189
1189
1189
1189
938
938
938
938
204
204
204
204
204
204
204
204
204
204
204
204
204
204
204
204
204
204
204
204
204
204
41
41
41
41
41
41
41
41
41
41
41
41
41
41
41
41
41
41
41
41
41
41
41
41
41
41
41
41
41
41
41
41
41
41
41
41
41
41
41
41
41
41
41
41
41
41
41
41
41
41
41
41
41
41
41
41
41
41
41
41
41
41
41
41
41
41
41
41
41
41
41
41
41
41
41
41
41
41
41
41
41
41
41
41
41
41
41
41
41
41
41
41
41
41
41
41
41
41
41
41
41
41
41
41
41
41
41
41
41
41
41
41
41
41
41
41
41
41
41
41
41
41
41
41
41
41
41
41
41
41
41
41
41
41
41
41
41
41
41
41
41
41
41
41
41
41
41
41
41
41
41
41
41
41
41
41
41
41
41
41
41
41
41
41
41
41
41
41
41
41
41
41
41
41
41
41
41
41
41
41
41
41
41
41
41
41
41
41
41
41
41
41
41
41
41
41
41
41
41
41
41
41
41
41
41
41
41
41
41
41
41
41
41
41
41
41
41
41
41
41
41
41
41
41
41
41
41
41
41
41
41
41
41
41
41
41
41
41
41
41
41
41
41
41
41
41
41
41
41
41
41
41
41
41
41
41
41
41
41
41
41
41
41
41
41
41
41
41
41
41
41
41
41
41
41
41
41
41
41
41
41
41
41
41
41
41
41
41
41
41
41
41
41
41
41
41
41
41
41
41
41
41
41
41
41
41
41
41
41
41
41
41
41
41
41
41
41
41
41
41
41
41
41
41
41
41
41
41
41
41
41
41
41
41
41
41
41
41
41
41
41
41
41
41
41
41
41
41
41
41
41
41
41
41
41
41
41
41
41
41
41
41
41
41
41
41
41
41
41
41
41
41
41
41
41
41
41
41
41
41
41
41
41
41
41
41
41
41
41
41
41
41
41
41
41
41
41
41
41
41
41
41
41
41
41
41
41
41
41
41
41
41
41
41
41
41
41
41
41
41
41
41
41
41
41
41
41
41
41
41
41
41
41
41
41
41
41
41
41
41
41
41
41
41
41
41
41
41
41
41
41
41
41
41
41
41
41
41
41
41
41
41
41
41
41
41
41
41
41
41
41
41
41
41
41
41
41
41
41
41
41
41
41
41
41
41
41
41
41
41
41
41
41
41
41
41
41
41
41
41
41
41
41
41
41
41
41
41
41
41
41
41
41
41
41
41
41
41
41
41
41
41
41
41
41
41
41
41
41
41
41
41
41
41
41
41
41
41
41
41
41
41
41
41
41
41
41
41
41
41
41
41
41
41
41
41
41
41
41
41
41
41
41
41
41
41
41
41
41
41
41
41
41
41
41
41
41
41
41
41
41
41
41
41
41
41
41
41
41
41
41
41
41
41
41
41
41
41
41
41
41
41
41
41
41
41
41
41
41
41
41
41
41
41
41
41
41
41
41
41
41
41
41
41
41
41
41
41
41
41
41
41
41
41
41
41
41
41
41
41
41
41
41
41
41
41
41
41
41
41
41
41
41
41
41
41
41
41
41
41
41
41
41
41
41
41
41
41
41
41
41
41
41
41
41
41
41
41
41
41
41
41
41
41
41
41
41
41
41
41
41
41
41
41
41
41
41
41
41
41
41
41
41
41
41
41
41
41
41
41
41
41
41
41
41
41
41
41
41
41
41
41
41
41
41
41
41
41
41
41
41
41
41
41
41
41
41
41
41
41
41
41
41
41
41
41
41
41
41
41
41
41
41
41
41
41
41
41
41
41
41
41
41
41
41
41
41
41
41
41
41
41
41
41
41
41
41
41
41
41
41
41
41
41
41
41
41
41
41
41
41
41
41
41
41
41
41
41
41
41
41
41
41
41
41
41
41
41
41
41
41
41
41
41
41
41
41
41
41
41
41
41
41
41
41
41
41
41
41
41
41
41
41
41
41
41
41
41
41
41
41
41
41
41
41
41
41
41
41
41
41
41
41
41
41
41
41
41
41
41
41
41
41
41
41
41
41
41
41
41
41
41
41
41
41
41
41
41
41
41
41
41
41
41
41
41
41
41
41
41
41
41
41
41
41
41
41
41
41
41
41
41
41
41
41
41
41
41
41
41
41
41
41
41
41
41
41
41
41
41
41
41
41
41
41
41
41
41
41
41
41
41
41
41
41
41
41
41
41
41
41
41
41
41
41
41
41
41
41
41
41
41
41
41
41
41
41
41
41
41
41
41
41
41
41
41
41
41
41
41
41
41
41
41
41
41
41
41
41
41
41
41
41
41
41
41
41
41
41
41
41
41
41
41
41
41
41
41
41
41
41
41
41
41
41
41
41
41
41
41
41
41
41
41
41
41
41
41
41
41
41
41
41
41
41
41
41
41
41
41
41
41
41
41
41
41
41
41
41
41
41
41
41
41
41
41
41
41
41
41
41
41
41
41
41
41
41
41
41
41
41
41
41
41
41
41
41
41
41
41
41
41
41
41
41
41
41
41
41
41
41
41
41
41
41
41
41
41
41
41
41
41
41
41
41
41
41
41
41
41
41
41
41
41
41
41
41
41
41
41
41
41
41
41
41
41
41
41
41
41
41
41
41
41
41
41
41
41
41
41
41
41
41
41
41
41
41
41
41
41
41
41
41
41
41
41
41
41
41
41
41
41
41
41
41
41
41
41
41
41
41
41
41
41
41
41
41
41
41
41
41
41
41
41
41
41
41
41
41
41
41
41
41
41
41
41
41
41
41
41
41
41
41
41
41
41
41
41
41
41
41
41
41
41
41
41
41
41
41
41
41
41
41
41
41
41
41
41
41
41
41
41
41
41
41
41
41
41
41
41
41
41
41
41
41
41
41
41
41
41
41
41
41
41
41
41
41
41
41
41
41
41
41
41
41
41
41
41
41
41
41
41
41
41
41
41
41
41
41
41
41
41
41
41
41
41
41
41
41
41
41
41
41
41
41
41
41
41
41
41
41
41
41
41
41
41
41
41
41
41
41
41
41
41
41
41
41
41
41
41
41
41
41
41
41
41
41
41
41
41
41
41
41
41
41
41
41
41
41
41
41
41
41
41
41
1026
1026
1026
1026
1026
1026
1026
1026
1026
1026
1026
1026
1026
1026
1026
1026
1026
1026
1026
1026
1026
1026
727
727
727
727
727
727
727
727
727
727
727
727
727
572
572
572
572
572
572
572
572
572
572
572
572
739
739
739
739
739
739
739
739
739
739
739
739
739
739
739
739
739
739
739
739
739
739
739
739
739
739
739
739
739
739
739
739
739
739
739
739
739
739
739
739
739
739
739
739
739
739
1526
1526
1526
1526
1526
1526
1526
1526
1526
1526
1526
1526
554
554
554
554
554
819
819
819
819
819
819
819
819
819
819
819
819
819
819
819
819
819
819
819
819
819
819
819
819
819
819
819
819
819
819
819
819
672
672
672
672
672
672
672
672
672
672
672
672
672
672
129
129
129
129
129
129
129
129
129
129
129
129
129
129
129
129
129
129
129
129
129
129
129
129
129
129
129
129
129
129
129
129
129
129
129
129
129
129
129
129
129
129
129
129
129
129
129
129
129
129
129
129
129
129
129
129
129
129
129
129
129
129
129
129
129
129
129
129
129
129
129
129
129
129
129
129
129
129
129
129
129
129
129
129
129
129
129
129
129
129
129
129
129
129
129
129
129
129
129
129
129
129
129
129
129
129
129
129
129
129
129
129
129
129
129
129
129
129
129
129
129
129
129
129
129
129
129
129
129
129
1221
1221
1221
1221
1221
1221
1221
1221
1221
1221
1221
1221
1221
1221
1221
1221
1221
1221
1221
1221
1221
1221
1221
1221
1221
1221
1221
1221
1221
1221
1221
1221
1221
955
955
955
955
955
955
955
955
955
955
955
955
955
955
955
955
955
955
955
955
955
955
955
955
955
955
955
955
955
955
955
955
955
955
1600
1600
1600
1600
1600
1600
1600
1600
1600
1600
1600
1600
1600
1600
1600
1600
1600
1600
1600
1600
1600
488
488
488
488
488
488
488
488
488
488
488
488
488
488
942
1492
1492
1492
1492
1492
1492
1492
1492
1492
1492
1492
1492
1492
1492
1492
1492
1544
1544
1544
1544
1544
1064
1064
1064
1064
1064
1064
1064
1064
1064
1064
1064
1064
1064
1064
1064
1064
1064
1064
1064
1064
1064
1064
1064
1064
1064
1064
598
598
598
598
598
598
598
598
598
598
598
598
598
598
598
598
598
598
598
598
598
598
598
598
598
598
598
598
598
1212
1212
1212
1212
1212
1212
1212
1212
1212
1212
1212
1212
1212
1212
1212
1212
1212
1212
1212
1212
1212
1212
1212
1212
1212
1212
1212
1212
1212
1212
1212
1212
784
784
784
784
784
784
784
784
784
784
784
784
784
784
784
784
784
784
784
784
784
784
784
784
784
784
784
784
784
784
784
784
784
784
784
784
1446
1446
1446
1446
1446
1446
1446
1446
1446
1446
1446
1446
1446
1446
1446
1446
1446
1446
1321
1321
1321
1321
1321
1321
1321
1321
1321
1321
1321
1321
1321
1321
1321
1321
1321
1321
1321
1321
1321
1321
1321
1321
1321
1321
1321
1321
1321
1310
1310
1310
1310
1310
1310
1310
1310
1310
1310
1310
1310
1310
1310
1310
1310
35
35
35
35
35
35
35
35
35
35
35
35
35
35
35
35
35
35
35
35
35
35
35
35
35
35
35
35
35
35
35
35
35
35
35
35
35
35
35
35
35
35
35
35
35
35
35
35
35
35
35
35
35
35
35
35
35
35
35
35
35
35
35
35
35
35
35
35
35
35
35
35
35
35
35
35
35
35
35
35
35
35
35
35
35
35
35
35
35
35
35
35
35
35
35
35
35
35
35
35
35
35
35
35
35
35
35
35
35
35
35
35
35
35
35
35
35
35
35
35
35
35
35
35
35
35
35
35
35
35
35
35
35
35
35
35
35
35
35
35
35
35
35
35
35
35
35
35
35
35
35
35
35
35
35
35
35
35
35
35
35
35
35
35
35
35
35
35
35
35
35
35
35
35
35
35
35
35
35
35
35
35
35
35
35
35
35
35
35
35
35
35
35
35
35
35
35
35
35
35
35
35
35
35
35
35
35
35
35
35
35
35
35
35
35
35
35
35
35
35
35
35
35
35
35
35
35
35
35
35
35
35
35
35
35
35
35
35
35
35
35
35
35
35
35
35
35
35
35
35
35
35
35
35
35
35
35
35
35
35
35
35
35
35
35
35
35
35
35
35
35
35
35
35
35
35
35
35
35
35
35
35
35
35
35
35
35
35
35
35
35
35
35
35
35
35
35
35
35
35
35
35
35
35
35
35
35
35
35
35
35
35
35
35
35
35
35
35
35
35
35
35
35
35
35
35
35
35
35
35
35
35
35
35
35
35
35
35
35
35
35
35
35
35
35
35
35
35
35
35
35
35
35
35
35
35
35
35
35
35
35
35
35
35
35
35
35
35
35
35
35
35
35
35
35
35
35
35
35
35
35
35
35
35
35
35
35
35
35
35
35
35
35
35
35
35
35
35
35
35
35
35
35
35
35
35
35
35
35
35
35
35
35
35
35
35
35
35
35
35
35
35
35
35
35
35
35
35
35
35
35
35
35
35
35
35
35
35
35
35
35
35
35
35
35
35
35
35
35
35
35
35
35
35
35
35
35
35
35
35
35
35
35
35
35
35
35
35
35
35
35
35
35
35
35
35
35
35
35
35
35
35
35
35
35
35
35
35
35
35
35
35
35
35
35
35
35
35
35
35
35
35
35
35
35
35
35
35
35
35
35
35
35
35
35
35
35
35
35
35
35
35
35
35
35
35
35
35
35
35
35
35
35
35
35
35
35
35
35
35
35
35
35
35
35
35
35
35
35
35
35
35
35
35
35
35
35
35
35
35
35
35
35
35
35
35
35
35
35
35
35
35
35
35
35
35
35
35
35
35
35
35
35
35
35
35
35
35
35
35
35
35
35
35
35
35
35
35
35
35
35
35
35
35
35
35
35
35
35
35
35
35
35
35
35
35
35
35
35
35
35
35
35
35
35
35
35
35
35
35
35
35
35
35
35
35
35
35
35
35
35
35
35
35
35
35
35
35
35
35
35
35
35
35
35
35
35
35
35
35
35
35
35
35
35
35
35
35
35
35
35
35
35
35
35
35
35
35
35
35
35
35
35
35
35
35
35
35
35
35
35
35
35
35
35
35
35
35
35
35
35
35
35
35
35
35
35
35
35
35
35
35
35
35
35
35
35
35
35
35
35
35
35
35
35
35
35
35
35
35
35
35
35
35
35
35
35
35
35
35
35
35
35
35
35
35
35
35
35
35
35
35
35
35
35
35
35
35
35
35
35
35
35
35
35
35
35
35
35
35
35
35
35
35
35
35
35
35
35
35
35
35
35
35
35
35
35
35
35
35
35
35
35
35
35
35
35
35
35
35
35
35
35
35
35
35
35
35
35
35
35
35
35
35
35
35
35
35
35
35
35
35
35
35
35
35
35
35
35
35
35
35
35
35
35
35
35
35
35
35
35
35
35
35
35
35
35
35
35
35
35
35
35
35
35
35
35
35
35
35
35
35
35
35
35
35
35
35
35
35
35
35
35
35
35
35
35
35
35
35
35
35
35
35
35
35
35
35
35
35
35
35
35
35
35
35
35
35
35
35
35
35
35
35
35
35
35
35
35
35
35
35
35
35
35
35
35
35
35
35
35
35
35
35
35
35
35
35
35
35
35
35
35
35
35
35
35
35
35
35
35
35
35
35
35
35
35
35
35
35
35
35
35
35
35
35
35
35
35
35
35
35
35
35
35
35
35
35
35
35
35
35
35
35
35
35
35
35
35
35
35
35
35
35
35
35
35
35
35
35
35
35
35
35
35
35
35
35
35
35
35
35
35
35
35
35
35
35
35
35
35
35
35
35
35
35
35
35
35
35
35
35
35
35
35
35
35
35
35
35
35
35
35
35
35
35
35
35
35
35
35
35
35
35
35
35
35
35
35
35
35
35
35
35
35
35
35
35
35
35
35
35
35
35
35
35
35
35
35
35
35
35
35
35
35
35
35
35
35
35
35
35
35
35
35
35
35
35
35
35
35
35
35
35
35
35
35
35
35
35
35
35
35
35
35
35
35
35
35
35
35
35
35
35
35
35
35
35
35
35
35
35
35
35
35
35
35
35
35
35
35
35
35
35
35
35
35
35
35
35
35
35
35
35
35
35
35
35
35
35
35
35
35
35
35
35
35
35
35
35
35
35
35
35
35
35
35
35
35
35
35
35
35
35
35
35
35
35
35
35
35
35
35
35
35
35
35
35
35
35
35
35
35
35
35
35
35
35
35
35
35
35
35
35
35
35
35
35
35
35
35
35
35
35
35
35
35
35
35
35
35
35
35
35
35
35
35
35
35
35
35
35
35
35
35
35
35
35
35
35
35
35
35
35
35
35
35
35
35
35
35
35
35
35
35
35
35
35
35
35
35
35
35
35
35
35
35
35
35
35
35
35
35
35
35
35
35
35
35
35
35
35
35
35
35
35
35
35
35
35
35
35
35
35
35
35
35
35
35
35
35
35
35
35
35
35
35
35
35
35
35
35
35
35
35
35
35
35
35
35
35
35
35
35
35
35
35
35
35
35
35
35
35
35
35
35
35
35
35
35
35
35
35
35
35
35
35
35
35
35
35
35
35
35
35
35
35
35
35
35
35
35
35
35
35
35
35
35
35
35
35
35
35
35
35
35
35
35
35
35
35
35
35
35
35
35
35
35
35
35
35
35
35
35
35
35
35
35
35
35
35
35
35
35
35
35
35
35
35
35
35
35
35
35
35
35
35
35
35
35
35
35
35
35
35
35
35
35
35
35
35
35
35
35
35
35
35
35
35
35
35
35
35
35
35
35
35
35
35
35
35
35
35
35
35
35
35
35
35
35
35
35
35
35
35
35
35
35
35
35
35
35
35
35
35
35
35
35
35
35
35
35
35
35
35
35
35
35
35
35
35
35
35
35
35
35
35
35
35
35
35
35
35
35
35
35
35
35
35
35
35
35
35
35
35
35
35
35
35
35
35
35
35
35
35
35
35
35
35
35
35
35
35
35
35
35
35
35
35
35
35
35
35
35
35
35
35
35
35
35
35
35
35
35
35
35
35
35
35
35
35
35
35
35
35
35
35
35
35
35
35
35
35
35
35
35
35
35
35
35
35
35
35
35
35
35
35
35
35
35
35
35
35
35
35
35
35
35
35
35
35
35
35
35
35
35
35
35
35
35
35
35
35
35
35
35
35
35
35
35
35
35
35
35
35
35
35
35
35
35
35
35
35
35
35
35
35
35
35
35
35
35
35
35
35
35
35
35
35
35
35
35
35
35
35
35
35
35
35
35
35
35
35
35
35
35
35
35
35
35
35
35
35
35
35
35
35
35
35
35
35
35
35
35
35
35
35
35
35
35
35
35
35
35
35
35
35
35
35
35
35
35
35
35
35
35
35
35
35
35
35
35
35
35
35
35
35
35
35
35
35
35
35
35
35
35
35
35
35
35
35
35
35
35
35
35
35
35
35
35
35
35
35
35
35
35
35
35
35
35
35
35
35
35
35
35
35
35
35
35
35
35
35
35
35
35
35
35
35
35
35
35
35
35
35
35
35
35
35
35
35
35
35
35
35
35
35
35
35
35
35
35
35
35
35
35
35
35
35
35
35
35
35
35
35
35
35
35
35
35
35
35
35
35
35
35
35
35
35
35
35
35
35
35
35
35
35
35
35
35
35
35
35
35
35
35
35
35
35
35
35
35
35
35
35
35
35
35
35
35
35
35
35
35
35
35
35
35
35
35
35
35
35
35
35
35
35
35
35
35
35
35
35
35
35
35
35
35
35
35
35
35
35
35
35
35
35
35
35
35
35
35
35
1298
1298
1298
1298
1298
1298
1298
1298
1298
1298
1298
1298
1298
1298
1298
1298
1298
1298
1298
1298
1298
1298
1298
1298
1298
1298
1298
1298
1298
1298
1298
1298
1298
1298
1298
1298
1298
1298
1298
1298
1298
1298
1298
1298
1298
1298
1298
1298
1298
1298
1298
1298
1298
1298
1298
1298
1298
1298
1298
1298
1298
1298
1298
1298
1298
1298
1298
1298
1298
1298
1375
1375
1375
1375
1375
1375
1375
1375
1375
1375
1375
1375
1375
1375
1150
1150
1150
1150
1150
1150
1150
1150
1150
1150
1150
1150
1150
1150
1138
1138
1138
679
679
679
679
679
679
679
679
679
679
679
287
287
287
287
287
287
287
287
287
287
287
287
287
287
287
287
287
287
287
287
287
287
287
287
287
287
287
287
287
287
287
287
287
287
287
287
287
287
287
287
287
287
287
287
287
287
287
287
287
287
287
200
200
200
200
200
200
200
1180
1180
1180
1180
1180
1103
1103
1103
1103
1103
1103
1103
1103
1103
1193
1193
1193
1193
1193
1193
1193
1193
1193
1193
1601
1601
1601
1601
1601
1601
1601
1601
1601
1601
637
637
637
637
172
172
172
172
172
172
172
172
172
172
172
172
172
172
172
172
172
172
172
172
172
172
172
172
172
172
172
172
172
172
172
172
172
172
172
172
172
172
172
172
172
172
172
172
172
172
172
172
172
172
172
172
172
172
172
172
172
172
172
172
172
172
172
172
172
172
172
172
172
172
172
172
172
172
172
172
172
172
172
172
172
172
172
172
172
172
172
172
172
172
172
172
172
172
172
172
172
172
1113
1113
1113
1113
1113
1113
1113
1113
1113
1113
913
913
913
913
913
913
913
1055
1055
1055
1055
1055
1257
1257
1257
1257
1257
1257
1257
1257
1257
1257
1257
1257
1257
1257
1257
1257
1257
1257
1257
1257
1257
1257
1257
1257
1257
1257
1257
1257
1257
1257
1257
1257
1257
1257
1257
1257
1257
1257
1257
1257
1257
1257
1257
1257
1257
1257
1257
1257
1257
1257
1257
1257
1257
1257
1257
1257
1257
1257
1257
1257
1257
1257
1257
1257
1257
1257
1257
1257
1257
1257
1257
1257
1257
1257
1257
1257
1257
1257
1257
1257
882
882
882
882
882
882
882
882
882
882
882
882
882
882
882
882
882
882
882
882
882
882
882
882
882
882
882
882
882
882
1462
1462
1462
1462
1462
1462
1462
1462
1462
1462
1462
1462
655
655
655
655
655
655
655
655
655
655
655
655
655
655
458
458
458
458
458
458
458
458
458
458
458
458
458
458
458
458
458
458
458
458
458
458
458
458
458
458
458
458
458
458
458
458
458
458
458
458
458
1382
1382
1382
1382
1382
1382
1382
1382
1382
1382
1382
1382
1382
1382
1382
1382
1382
1382
1382
1382
1403
1403
1403
1403
1403
1403
1403
1403
1403
1403
1403
1403
1403
1403
836
836
836
836
836
836
836
871
871
871
871
871
1485
1485
1485
1485
1485
1485
1485
174
174
174
174
174
174
174
174
174
174
174
174
174
174
174
174
174
174
174
174
174
174
174
174
174
174
174
174
174
174
174
174
174
174
174
174
174
174
174
174
174
174
174
174
174
174
1129
1129
1129
1129
1129
1129
1129
1129
1129
1372
1372
1372
1372
1372
1372
1372
1372
1372
1372
1372
1372
1372
1372
1372
1372
1372
1247
1247
1247
1247
1247
1247
1247
1247
1627
1627
1627
1627
1627
1627
1627
1627
1627
1627
1627
1627
1627
1627
1627
1627
1627
1627
1627
1627
1627
1627
1627
1627
1627
1627
1627
1627
1627
1627
1627
1627
1627
1627
1627
1627
1627
1627
1627
1627
1627
1627
1627
1627
1627
1627
1627
1627
1627
1627
1627
1627
1627
1627
1627
1627
1627
1627
1627
1627
1627
670
670
670
670
670
670
670
670
670
670
670
670
670
670
670
670
670
670
38
38
38
242
242
242
242
242
242
242
242
242
242
242
242
242
242
242
242
242
242
242
242
242
242
242
242
242
242
1671
1671
1671
1671
1671
1671
1671
1671
1671
143
143
143
143
143
1289
1289
1289
1289
1289
1289
1463
1463
1463
1463
1463
1463
1463
1463
1463
1463
1463
1463
1463
1463
1463
1463
1463
1463
1463
1463
1463
1463
1463
10
10
10
10
10
10
10
10
10
10
10
10
10
10
10
10
10
10
10
10
10
10
10
10
10
10
10
10
10
10
10
10
10
10
10
10
10
10
10
10
10
10
10
10
10
10
10
10
10
10
10
10
10
10
10
10
10
10
10
10
10
10
10
10
10
10
10
10
10
10
10
10
10
10
10
10
10
10
10
10
10
10
10
10
10
10
10
10
10
10
10
10
10
10
10
10
10
10
10
10
10
10
10
10
10
10
10
10
10
10
10
10
10
10
10
10
10
10
10
10
10
10
10
10
10
10
10
10
10
10
10
10
10
10
10
10
10
10
10
10
10
10
10
10
10
10
10
10
10
10
10
10
10
10
10
10
10
10
10
10
10
10
10
10
10
10
10
10
10
10
10
10
10
10
10
10
10
10
10
10
10
10
10
10
10
10
10
10
10
10
10
10
10
10
10
10
10
10
10
10
10
10
10
10
10
10
10
10
10
10
10
10
10
10
10
10
10
10
10
10
10
10
10
10
10
10
10
10
10
10
10
10
10
10
10
10
10
10
10
10
10
10
10
10
10
10
10
10
10
10
10
10
10
10
10
10
10
10
10
10
10
10
10
10
10
10
10
10
10
10
10
10
10
10
10
10
10
10
10
10
10
10
10
10
10
10
10
10
10
10
10
10
10
10
10
10
10
10
10
10
10
10
10
10
10
10
10
10
10
10
10
10
10
10
10
10
10
10
10
10
10
10
10
10
10
10
10
10
10
10
10
10
10
10
10
10
10
10
10
10
10
10
10
10
10
10
10
10
10
10
10
10
10
10
10
10
10
10
10
10
10
10
10
10
10
10
10
10
10
10
10
10
10
10
10
10
10
10
10
10
10
10
10
10
10
10
10
10
10
10
10
10
10
10
10
10
10
10
10
10
10
10
10
10
10
10
10
10
10
10
10
10
10
10
10
10
10
10
10
10
10
10
10
10
10
10
10
10
10
10
10
10
10
10
10
10
10
10
10
10
10
10
10
10
10
10
10
10
10
10
10
10
10
10
10
10
10
10
10
10
10
10
10
10
10
10
10
10
10
10
10
10
10
10
10
10
10
10
10
10
10
10
10
10
10
10
10
10
10
10
10
10
10
10
10
10
10
10
10
10
10
10
10
10
10
10
10
10
10
10
10
10
10
10
10
10
10
10
10
10
10
10
10
10
10
10
10
10
10
10
10
10
10
10
10
10
10
10
10
10
10
10
10
10
10
10
10
10
10
10
10
10
10
10
10
10
10
10
10
10
10
10
10
10
10
10
10
10
10
10
10
10
10
10
10
10
10
10
10
10
10
10
10
10
10
10
10
10
10
10
10
10
10
10
10
10
10
10
10
10
10
10
10
10
10
10
10
10
10
10
10
10
10
10
10
10
10
10
10
10
10
10
10
10
10
10
10
10
10
10
10
10
10
10
10
10
10
10
10
10
10
10
10
10
10
10
10
10
10
10
10
10
10
10
10
10
10
10
10
10
10
10
10
10
10
10
10
10
10
10
10
10
10
10
10
10
10
10
10
10
10
10
10
10
10
10
10
10
10
10
10
10
10
10
10
10
10
10
10
10
10
10
10
10
10
10
10
10
10
10
10
10
10
10
10
10
10
10
10
10
10
10
10
10
10
10
10
10
10
10
10
10
10
10
10
10
10
10
10
10
10
10
10
10
10
10
10
10
10
10
10
10
10
10
10
10
10
10
10
10
10
10
10
10
10
10
10
10
10
10
10
10
10
10
10
10
10
10
10
10
10
10
10
10
10
10
10
10
10
10
10
10
10
10
10
10
10
10
10
10
10
10
10
10
10
10
10
10
10
10
10
10
10
10
10
10
10
10
10
10
10
10
10
10
10
10
10
10
10
10
10
10
10
10
10
10
10
10
10
10
10
10
10
10
10
10
10
10
10
10
10
10
10
10
10
10
10
10
10
10
10
10
10
10
10
10
10
10
10
10
10
10
10
10
10
10
10
10
10
10
10
10
10
10
10
10
10
10
10
10
10
10
10
10
10
10
10
10
10
10
10
10
10
10
10
10
10
10
10
10
10
10
10
10
10
10
10
10
10
10
10
10
10
10
10
10
10
10
10
10
10
10
10
10
10
10
10
10
10
10
10
10
10
10
10
10
10
10
10
10
10
10
10
10
10
10
10
10
10
10
10
10
10
10
10
10
10
10
10
10
10
10
10
10
10
10
10
10
10
10
10
10
10
10
10
10
10
10
10
10
10
10
10
10
10
10
10
10
10
10
10
10
10
10
10
10
10
10
10
10
10
10
10
10
10
10
10
10
10
10
10
10
10
10
10
10
10
10
10
10
10
10
10
10
10
10
10
10
10
10
10
10
10
10
10
10
10
10
10
10
10
10
10
10
10
10
10
10
10
10
10
10
10
10
10
10
10
10
10
10
10
10
10
10
10
10
10
10
10
10
10
10
10
10
10
10
10
10
10
10
10
10
10
10
10
10
10
10
10
10
10
10
10
10
10
10
10
10
10
10
10
10
10
10
10
10
10
10
10
10
10
10
10
10
10
10
10
10
10
10
10
10
10
10
10
10
10
10
10
10
10
10
10
10
10
10
10
10
10
10
10
10
10
10
10
10
10
10
10
10
10
10
10
10
10
10
10
10
10
10
10
10
10
10
10
10
10
10
10
10
10
10
10
10
10
10
10
10
10
10
10
10
10
10
10
10
10
10
10
10
10
10
10
10
10
10
10
10
10
10
10
10
10
10
10
10
10
10
10
10
10
10
10
10
10
10
10
10
10
10
10
10
10
10
10
10
10
10
10
10
10
10
10
10
10
10
10
10
10
10
10
10
10
10
10
10
10
10
10
10
10
10
10
10
10
10
10
10
10
10
10
10
10
10
10
10
10
10
10
10
10
10
10
10
10
10
10
10
10
10
10
10
10
10
10
10
10
10
10
10
10
10
10
10
10
10
10
10
10
10
10
10
10
10
10
10
10
10
10
10
10
10
10
10
10
10
10
10
10
10
10
10
10
10
10
10
10
10
10
10
10
10
10
10
10
10
10
10
10
10
10
10
10
10
10
10
10
10
10
10
10
10
10
10
10
10
10
10
10
10
10
10
10
10
10
10
10
10
10
10
10
10
10
10
10
10
10
10
10
10
10
10
10
10
10
10
10
10
10
10
10
10
10
10
10
10
10
10
10
10
10
10
10
10
10
10
10
10
10
10
10
10
10
10
10
10
10
10
10
10
10
10
10
10
10
10
10
10
10
10
10
10
10
10
10
10
10
10
10
10
10
10
10
10
10
10
10
10
10
10
10
10
10
10
10
10
10
10
10
10
10
10
10
10
10
10
10
10
10
10
10
10
10
10
10
10
10
10
10
10
10
10
10
10
10
10
10
10
10
10
10
10
10
10
10
10
10
10
10
10
10
10
10
10
10
10
10
10
10
10
10
10
10
10
10
10
10
10
10
10
10
10
10
10
10
10
10
10
10
10
10
10
10
10
10
10
10
10
10
10
10
10
10
10
10
10
10
10
10
10
10
10
10
10
10
10
10
10
10
10
10
10
10
10
10
10
10
10
10
10
10
10
10
10
10
10
10
10
10
10
10
10
10
10
10
10
10
10
10
10
10
10
10
10
10
10
10
10
10
10
10
10
10
10
10
10
10
10
10
10
10
10
10
10
10
10
10
10
10
10
10
10
10
10
10
10
10
10
10
10
10
10
10
10
10
10
10
10
10
10
10
10
10
10
10
10
10
10
10
10
10
10
10
10
10
10
10
10
10
10
10
10
10
10
10
10
10
10
10
10
10
10
10
10
10
10
10
10
10
10
10
10
10
10
10
10
10
10
10
10
10
10
10
10
10
10
10
10
10
10
10
10
10
10
10
10
10
10
10
10
10
10
10
10
10
10
10
10
10
10
10
10
10
10
10
10
10
10
10
10
10
10
10
10
10
10
10
10
10
10
10
10
10
10
10
10
10
10
10
10
10
10
10
10
10
10
10
10
10
10
10
10
10
10
10
10
10
10
10
10
10
10
10
10
10
10
10
10
10
10
10
10
10
10
10
10
10
10
10
10
10
10
10
10
10
10
10
10
10
10
10
10
10
10
10
10
10
10
10
10
10
10
10
10
10
10
10
10
10
10
10
10
10
10
10
10
10
10
10
10
10
10
10
10
10
10
10
10
10
10
10
10
10
10
10
10
10
10
10
10
10
10
10
10
10
10
10
10
10
10
10
10
10
10
10
10
10
10
10
10
10
10
10
10
10
10
10
10
10
10
10
10
10
10
10
10
10
10
10
10
10
10
10
10
10
10
10
10
10
10
10
10
10
10
10
10
10
10
10
10
10
10
10
10
10
10
10
10
10
10
10
10
10
10
10
10
10
10
10
10
10
10
10
10
10
10
10
10
10
10
10
10
10
10
10
10
10
10
10
10
10
10
10
10
10
10
10
10
10
10
10
10
10
10
10
10
10
10
10
10
10
10
10
10
10
10
10
10
10
10
10
10
10
10
10
10
10
10
10
10
10
10
10
10
10
10
10
10
10
10
10
10
10
10
10
10
10
10
10
10
10
10
10
10
10
10
10
10
10
10
10
10
10
10
10
10
10
10
10
10
10
10
10
10
10
10
10
10
10
10
10
10
10
10
10
10
10
10
10
10
10
10
10
10
10
10
10
10
10
10
10
10
10
10
10
10
10
10
10
10
10
10
10
10
10
10
10
10
10
10
10
10
10
10
10
10
10
10
10
10
10
10
10
10
10
10
10
10
10
10
10
10
10
10
10
10
10
10
10
10
10
10
10
10
10
10
10
10
10
10
10
10
10
10
10
10
10
10
10
10
10
10
10
10
10
10
10
10
10
10
10
10
10
10
10
10
10
10
10
10
10
10
10
10
10
10
10
10
10
10
10
10
10
10
10
10
10
10
10
10
10
10
10
10
10
10
10
10
10
10
10
10
10
10
10
10
10
10
10
10
10
10
10
10
10
10
10
10
10
10
10
10
10
10
10
10
10
10
10
10
10
10
10
10
10
10
10
10
10
10
10
10
10
10
10
10
10
10
10
10
10
10
10
10
10
10
10
10
10
10
10
10
10
10
10
10
10
10
10
10
10
10
10
10
10
10
10
10
10
10
10
10
10
10
10
10
10
10
10
10
10
10
10
10
10
10
10
10
10
10
10
10
10
10
10
10
10
10
10
10
10
10
10
10
10
10
10
10
10
10
10
10
10
10
10
10
10
10
10
10
10
10
10
10
10
10
10
10
10
10
10
10
10
10
10
10
10
10
10
10
10
10
10
10
10
10
10
10
10
10
10
10
10
10
10
10
10
10
10
10
10
10
10
10
10
10
10
10
10
10
10
10
10
10
10
10
10
10
10
10
10
10
10
10
10
10
10
10
10
10
10
10
10
10
10
10
10
10
10
10
10
10
10
10
10
10
10
10
10
10
10
10
10
10
10
10
10
10
10
10
10
10
10
10
10
10
10
10
10
10
10
10
10
10
10
10
10
10
10
10
10
10
10
10
10
10
10
10
10
10
10
10
10
10
10
10
10
10
10
10
10
10
10
10
10
10
10
10
10
10
10
10
10
10
10
10
10
10
10
10
10
10
10
10
10
10
10
10
10
10
10
10
10
10
10
10
10
10
10
10
10
10
10
10
10
10
10
10
10
10
10
10
10
10
10
10
10
10
10
10
10
10
10
10
10
10
10
10
10
10
10
10
10
10
10
10
10
10
10
10
10
10
10
10
10
10
10
10
10
10
10
10
10
10
10
10
10
10
10
10
10
10
10
10
10
10
10
10
10
10
10
10
10
10
10
10
10
10
10
10
10
10
10
10
10
10
10
10
10
10
10
10
10
10
10
10
10
10
10
10
10
10
10
10
10
10
10
10
10
10
10
10
10
10
10
10
10
10
10
10
10
10
10
10
10
10
10
10
10
10
10
10
10
10
10
10
10
10
10
10
10
10
10
10
10
10
10
10
10
10
10
10
10
10
10
10
10
10
10
10
10
10
10
10
10
10
10
10
10
10
10
10
10
10
10
10
10
10
10
10
10
10
10
10
10
10
10
10
10
10
10
10
10
10
10
10
10
10
10
10
10
10
10
10
10
10
10
10
10
10
10
10
10
10
10
10
10
10
10
10
10
10
10
10
10
10
10
10
10
10
10
10
10
10
10
10
10
10
10
10
10
10
10
10
10
10
10
10
10
10
10
10
10
10
10
10
10
10
10
10
10
10
10
10
10
10
10
10
10
10
10
10
10
10
10
10
10
10
10
10
10
10
10
10
10
10
10
10
10
10
10
10
10
10
10
10
10
10
10
10
10
10
10
10
10
10
10
10
10
10
10
10
10
10
10
10
10
10
10
10
10
10
10
10
10
10
10
10
10
10
10
10
10
10
10
10
10
10
10
10
10
10
10
10
10
10
10
10
10
10
10
10
10
10
10
10
10
10
10
10
10
10
10
10
10
10
10
10
10
10
10
10
10
10
10
10
10
10
10
10
10
10
10
10
10
10
10
10
10
10
10
10
10
10
10
10
10
10
10
10
10
10
10
10
10
10
10
10
10
10
10
10
10
10
10
10
10
10
10
10
10
10
10
10
10
10
10
10
10
10
10
10
10
10
10
10
10
10
10
10
10
10
10
10
10
10
10
10
10
10
10
10
10
10
10
10
10
10
10
10
10
10
10
10
10
10
10
10
10
10
10
10
10
10
10
10
10
10
10
10
10
10
10
10
10
10
10
10
10
10
10
10
10
10
10
10
10
10
10
10
10
10
10
10
10
10
10
10
10
10
10
10
10
10
10
10
10
10
10
10
10
10
10
10
10
10
10
10
10
10
10
10
10
10
10
10
10
10
10
10
10
10
10
10
10
10
10
10
10
10
10
10
10
10
10
10
10
10
10
10
10
10
10
10
10
10
10
10
10
10
10
10
10
10
10
10
10
10
10
10
10
10
10
10
10
10
10
10
10
10
10
10
10
10
10
10
10
10
10
10
10
10
10
10
10
10
10
10
10
10
10
10
10
10
10
10
10
10
10
10
10
10
10
10
10
10
10
10
10
10
10
10
10
10
10
10
10
10
10
10
10
10
10
10
10
10
10
10
10
10
10
10
10
10
10
10
10
10
10
10
10
10
10
10
10
10
10
10
10
10
10
10
10
10
10
10
10
10
10
10
10
10
10
10
10
10
10
10
10
10
10
10
10
10
10
10
10
10
10
10
10
10
10
10
10
10
10
10
10
10
10
10
10
10
10
10
10
10
10
10
10
10
10
10
10
10
10
10
10
10
10
10
10
10
10
10
10
10
10
10
10
10
10
10
10
10
10
10
10
10
10
10
10
10
10
10
10
10
10
10
10
10
10
10
10
10
10
10
10
10
10
10
10
10
10
10
10
10
10
10
10
10
10
10
10
10
10
10
10
10
10
10
10
10
10
10
10
10
10
10
10
10
10
10
10
10
10
10
10
10
10
10
10
10
10
10
10
10
10
10
10
10
10
10
10
10
10
10
10
10
10
10
10
10
10
10
10
10
10
10
10
10
10
10
10
10
10
10
10
10
10
10
10
10
10
10
10
10
10
10
10
10
10
10
10
10
10
10
10
10
10
10
10
10
10
10
10
10
10
10
10
10
10
10
10
10
688
688
688
688
688
688
688
688
688
688
688
688
688
688
688
688
688
688
688
688
688
688
688
688
688
688
688
688
688
688
688
688
688
688
688
688
688
688
688
688
688
688
688
688
688
688
688
688
688
688
688
688
688
688
688
688
688
688
688
688
688
688
688
688
688
688
688
688
688
688
688
688
688
688
688
688
688
688
688
688
688
688
688
688
688
688
688
688
688
688
688
996
996
996
996
996
996
996
996
996
996
996
996
996
996
996
996
996
996
996
996
996
996
60
60
60
60
60
60
60
60
60
1290
1290
1290
1290
1290
1290
1290
1290
1290
1290
1290
1290
1290
1290
1290
1290
1290
1290
1290
1290
1290
1290
1290
1290
1290
1290
1290
52
52
52
52
52
52
52
52
52
52
52
52
52
52
52
52
52
52
52
52
52
52
52
52
52
52
52
52
52
52
52
52
1095
1095
1095
1095
1095
1095
1095
1095
1095
1095
1095
1095
1095
1095
1095
1095
212
212
212
212
212
212
212
1456
1456
1456
1456
1456
1456
1456
1456
1456
1456
1456
1456
1456
1456
1456
1456
1456
1456
1456
1456
1456
1456
1456
1456
1456
1456
1456
1456
1456
1456
1456
1456
1473
1473
1473
1473
1473
1473
1473
1473
257
257
257
257
257
257
257
257
257
257
257
257
257
257
257
257
257
257
257
257
257
257
257
257
257
257
257
257
1418
1418
1418
1418
1418
1418
1418
1418
1418
1418
1418
1418
1418
1418
1418
1418
1418
1418
1418
1418
1418
1418
1418
1418
522
522
1667
1667
1667
1667
372
372
372
372
372
372
372
329
329
329
329
329
329
329
329
329
329
329
329
329
329
329
329
329
329
329
329
329
329
329
329
329
329
329
329
329
329
329
329
329
329
329
329
329
329
329
329
329
1037
1037
1037
1037
1037
1037
1037
1037
1037
1037
1037
1037
1037
1037
1037
1037
1037
1037
1037
1037
1037
1037
1037
1037
1037
1037
1037
1037
1037
1037
1037
1037
1037
1037
1037
1037
1037
1037
1037
1037
1037
1037
1037
1037
1037
1037
1037
1037
1037
1037
1037
1037
144
144
144
144
144
144
144
674
674
674
674
674
674
674
674
674
674
674
674
674
674
674
674
674
674
674
674
674
674
674
674
674
674
811
811
811
811
811
811
811
811
811
811
811
811
811
811
811
811
811
811
811
811
811
811
811
811
811
811
811
811
811
811
811
811
811
811
811
811
811
811
811
811
811
811
811
811
811
811
811
811
811
811
811
811
811
1222
1222
1222
1222
1222
1222
1222
508
508
508
503
503
503
503
503
503
503
503
503
503
503
503
503
503
503
503
503
503
503
503
503
503
503
1208
1208
1208
1208
1208
1208
1057
1057
1057
1057
1057
1057
1057
1057
1057
1057
1057
1057
1057
1057
1057
1057
1057
706
706
706
706
706
1518
1518
1518
1518
1518
1518
1518
1518
1518
1518
1518
431
431
431
431
431
431
431
431
431
431
431
431
431
431
431
431
431
431
431
431
431
431
431
431
431
431
431
431
431
431
431
431
431
431
431
431
431
431
431
431
431
431
431
431
431
431
431
431
431
431
431
431
431
431
431
431
431
431
431
1233
1233
1233
1233
1233
1233
1233
1233
1233
1233
1233
1233
1233
1233
1233
1233
1233
1233
1233
1233
1233
1233
1233
1233
1233
1233
1233
1233
1233
1233
1233
1233
1233
1233
1233
1233
1233
1233
1233
1233
1233
1233
1233
853
853
853
853
853
853
853
853
853
853
853
853
1508
1508
1508
1508
1508
1508
1508
1508
1508
1508
1508
1508
1508
1508
1508
1508
1508
1508
1508
1508
1508
1508
1508
1508
1508
1508
1508
1508
1508
1508
1508
1508
1508
1508
1508
1508
1508
1508
1508
1508
1508
1508
1508
1508
1508
985
985
985
985
985
985
985
985
985
985
985
985
985
985
985
429
429
429
429
429
429
429
429
429
429
429
429
429
429
429
429
429
429
429
429
429
429
429
429
429
429
429
429
429
429
429
429
429
429
429
429
429
429
429
429
429
429
429
429
429
429
429
429
429
429
438
438
438
438
438
438
438
438
438
438
438
438
438
438
438
438
438
438
438
438
438
438
438
438
438
438
438
438
438
438
438
438
438
438
438
438
438
438
438
438
438
1086
1086
1086
1086
1086
1086
1086
1086
1086
1086
1225
1225
1225
1225
1225
1225
1225
1225
1225
1225
1225
1225
1225
1225
1225
1225
1225
1225
1225
1225
1225
1225
1225
1225
1225
1225
1225
1248
1248
1248
1248
1248
1248
1248
1248
1248
1248
1248
1248
1248
1248
695
695
695
695
695
695
695
695
695
695
695
695
695
695
695
695
695
695
695
695
695
695
695
695
695
695
695
695
695
695
695
695
1324
1324
1324
1324
1324
1324
1324
1324
1324
1324
1324
1324
1324
1324
1324
1324
1324
1324
1324
1324
1324
1324
1324
1324
1324
1324
1324
1324
1324
1324
1324
1324
1324
1324
1324
1324
844
844
844
844
1688
1688
1688
1688
1688
1688
1688
1688
1688
1688
1688
1688
1688
1688
1688
1688
1688
1688
1688
1688
1688
1688
1688
1688
1688
1688
1688
1688
1688
1688
1688
1688
1688
1688
1688
1688
1688
1688
1688
1688
1688
1688
1688
1317
1317
1317
1317
1317
1317
1317
1317
1317
1007
1007
1007
1007
1007
1007
1007
1007
1007
1007
1007
1007
1007
1007
1007
1007
1007
1007
1007
1007
1007
1007
1007
1007
1007
1007
1698
1698
1698
1698
1698
1698
1698
1698
1698
1698
1698
1698
1698
1698
1698
1698
1698
1698
1698
1698
1698
1698
1698
1698
1698
1698
1698
1698
1698
1698
1698
1698
192
192
192
192
192
192
192
192
192
192
192
192
682
682
682
682
682
682
682
682
682
682
682
682
682
682
1214
1214
1214
1214
1214
1214
1214
1214
1214
1214
1214
1214
1214
842
842
842
842
842
842
842
842
842
842
842
842
842
842
842
842
842
842
842
842
842
842
842
842
842
842
842
842
1253
1253
1253
1253
1253
1253
1253
1253
1253
1253
1253
1253
1253
1253
1253
1253
1253
1253
1253
1253
1253
1253
1253
1253
1253
1253
1253
1253
1253
1253
1253
1253
1253
1253
1253
1253
1253
1253
1253
1253
1253
1253
1253
1253
100
100
100
100
100
100
100
100
100
100
100
100
100
100
100
1174
1174
1174
877
877
877
877
877
877
877
877
877
877
877
877
1482
1482
1482
1482
1482
1482
1482
1482
1482
1482
1482
1482
1482
542
542
253
253
253
253
253
253
253
253
253
253
253
253
253
253
253
253
164
164
164
164
164
164
1552
1552
1552
1552
1552
1552
807
807
807
807
807
807
807
807
807
807
807
807
807
807
807
807
807
807
807
807
807
807
807
807
451
451
451
451
451
451
451
451
451
451
451
890
890
890
890
890
890
890
890
890
890
890
890
890
890
890
1276
1276
1276
1276
1276
1276
1276
1276
1234
1234
1234
1234
1234
1234
1234
1264
1264
1264
1264
1264
1264
1264
1264
1264
1264
1264
1264
1264
1264
1264
1264
1264
1264
1264
1264
377
377
377
377
377
377
377
377
377
377
377
377
377
377
377
377
377
1044
1044
1044
1044
1044
1044
1044
1044
1044
1044
1044
1044
1044
1044
1044
1044
1044
1044
1044
1044
1044
1044
1044
1044
1044
1044
1396
1396
1396
1396
1396
1467
1467
1467
1467
1467
1467
1467
1467
1467
1467
1467
1467
1467
1467
1467
1467
1467
1467
1467
1467
1467
1467
1467
1467
1467
1467
1467
1467
1467
1467
1467
1467
1467
1467
1467
1467
1467
1467
1467
1467
1467
1467
1467
1467
1467
1467
1467
1467
1467
1467
1467
1467
1467
1467
1467
1467
1467
1467
1467
1467
1467
1467
1467
1467
1467
1467
1467
1467
1467
1467
1467
1467
1467
1467
1467
1467
1467
1467
1467
1467
1467
1467
1467
1467
1467
1467
1467
1467
1467
1467
757
757
757
757
757
483
483
483
306
306
306
306
306
306
306
306
306
306
306
306
306
306
306
306
400
400
400
400
622
622
622
622
622
622
622
622
622
622
622
622
622
622
622
622
622
622
622
622
622
622
622
622
622
622
622
622
622
622
622
622
622
1085
1085
1085
1085
1085
1085
1085
1455
1455
1455
1455
1455
1455
1455
1455
1455
1455
1455
1455
1455
1455
1455
1455
1455
1455
1455
1455
1455
1455
1455
1455
1455
1455
1455
1455
1455
1455
1455
1455
1455
1455
1455
1455
1455
1455
1455
1455
1455
1455
1401
1401
1401
1401
1401
1401
1401
1401
1401
1401
1401
1401
1401
1401
1401
1401
1401
1401
1401
1401
1401
1401
1401
1401
1401
1401
1401
1401
1401
1401
1401
1401
1401
1401
1401
1401
1401
1401
618
618
618
618
618
618
618
618
618
618
618
618
618
618
618
1333
1333
1333
1333
1333
1333
1333
1333
1333
1333
1333
1333
1333
1333
1333
1333
1333
1333
1333
1333
1333
1333
1333
1333
1617
1056
1056
1056
1056
1056
1056
1056
1056
1056
1056
1056
1056
1056
1056
1056
1056
1056
1056
1056
1056
1056
1056
1450
1450
1450
1450
1450
1450
1450
1450
1450
1450
1450
1450
1450
1450
106
106
106
106
106
106
106
106
106
106
106
106
106
106
106
106
106
106
106
106
106
106
106
788
788
788
788
788
788
788
788
788
788
788
788
788
788
788
788
788
788
788
788
1332
1332
1332
1332
1332
1332
1332
1332
1332
1332
1332
1332
1332
1332
1332
1332
1332
1332
1332
1332
1332
1332
1332
487
487
487
487
487
487
487
487
487
487
487
487
487
487
487
487
487
487
487
487
487
487
487
487
487
487
886
886
886
886
886
886
886
886
886
886
886
802
802
802
802
802
802
802
802
802
802
802
802
802
802
1509
1509
1509
1509
1509
1509
1509
1509
1509
1509
1509
1509
1509
1509
1509
1509
1509
1509
1509
1509
1509
1509
1509
951
951
951
951
951
951
951
951
951
951
951
951
951
951
951
951
951
951
951
951
951
951
951
951
951
951
951
951
951
951
951
951
951
951
951
951
951
951
951
951
951
951
951
951
951
951
951
951
951
951
951
951
951
951
951
951
951
951
951
951
951
951
951
951
765
765
765
765
765
765
765
1660
1660
1660
1660
1660
1660
1442
1442
1442
1442
1442
1442
1442
1442
1442
1442
1442
1442
1442
1442
1442
1442
1442
1442
1442
1442
863
863
863
863
863
863
863
863
863
863
863
863
863
863
863
863
863
863
863
863
863
863
863
863
725
209
209
209
209
209
209
209
209
209
209
209
209
209
209
209
209
209
209
209
209
209
209
209
209
209
209
209
209
209
209
209
209
209
209
209
209
209
209
1291
1291
1291
1291
1291
1291
1291
1291
1291
1291
1291
1291
1291
1291
1291
1291
1291
1291
1291
1291
1291
1291
1291
1291
1291
1291
1291
1291
1291
1291
1291
1291
1291
1291
1291
1291
1291
1291
1291
